# transform file /tmp/work/fmriprep_23_2_wf/sub_LJ001_wf/bold_ses_LJ001MR1_task_judge_wf/bold_fit_wf/bold_reg_wf/bbreg_wf/mri_coreg/registration.lta
# created by UNKNOWN on Sun Feb 11 15:30:55 2024

type      = 0 # LINEAR_VOX_TO_VOX
nxforms   = 1
mean      = 0.0000 0.0000 0.0000
sigma     = 10000.0000
1 4 4
2.999999284744263e+00 -5.526911118067801e-04 -2.019711071625352e-03 3.326514053344727e+01 
-2.093967748805881e-03 -7.918330430984497e-01 -2.893612623214722e+00 2.103745727539062e+02 
0.000000000000000e+00 2.893613100051880e+00 -7.918332219123840e-01 5.405896377563477e+01 
0.000000000000000e+00 0.000000000000000e+00 0.000000000000000e+00 1.000000000000000e+00 
src volume info
valid = 1  # volume info valid
filename = /tmp/work/fmriprep_23_2_wf/sub_LJ001_wf/bold_ses_LJ001MR1_task_judge_wf/bold_fit_wf/bold_reg_wf/bbreg_wf/mri_coreg/sub-LJ001_ses-LJ001MR1_task-judge_desc-coreg_boldref.nii.gz
volume = 64 64 51
voxelsize = 3.000000000000000e+00 3.000000000000000e+00 3.000000000000000e+00
xras   = -1.000000000000000e+00 -0.000000000000000e+00 0.000000000000000e+00
yras   = 0.000000000000000e+00 9.626917243003845e-01 2.706004381179810e-01
zras   = -0.000000000000000e+00 -2.706004381179810e-01 9.626917243003845e-01
cras   = -6.024169921875000e-01 -5.298385620117188e-01 2.695462799072266e+01
dst volume info
valid = 1  # volume info valid
filename = /tmp/sourcedata/freesurfer/sub-LJ001/mri/brainmask.mgz
volume = 256 256 256
voxelsize = 1.000000000000000e+00 1.000000000000000e+00 1.000000000000000e+00
xras   = -1.000000000000000e+00 0.000000000000000e+00 0.000000000000000e+00
yras   = 0.000000000000000e+00 0.000000000000000e+00 -1.000000000000000e+00
zras   = 0.000000000000000e+00 1.000000000000000e+00 0.000000000000000e+00
cras   = 3.165740966796875e-01 2.231811523437500e+00 9.183349609375000e+00
subject sub-LJ001
