#Insight Transform File V1.0
#Transform 0
Transform: AffineTransform_float_3_3
Parameters: 0.999999 -0.000387609 0.00126739 0.000389453 0.999999 -0.00170044 -0.00126745 0.00170057 0.999998 0.0263252 -0.024824 -0.0475232
FixedParameters: 0 0 0

#Transform 1
Transform: AffineTransform_float_3_3
Parameters: 0.999998 -0.000302757 0.00157669 0.000302505 0.999999 7.9884e-05 -0.00157674 -8.01158e-05 0.999999 0.0201554 -0.0209217 -0.0119583
FixedParameters: 0 0 0

#Transform 2
Transform: AffineTransform_float_3_3
Parameters: 0.999999 -0.000389174 0.00126691 0.00038912 0.999999 -0.000465174 -0.00126724 0.000465827 0.999999 0.0292838 -0.0321673 -0.0240284
FixedParameters: 0 0 0

#Transform 3
Transform: AffineTransform_float_3_3
Parameters: 0.999999 -0.000494839 0.000889099 0.000496146 0.999999 -0.00142856 -0.000888375 0.00142944 0.999998 0.0381785 -0.0250565 -0.059631
FixedParameters: 0 0 0

#Transform 4
Transform: AffineTransform_float_3_3
Parameters: 1 -0.000515097 0.000820182 0.000515548 1 -0.000274577 -0.000819899 0.000275422 0.999999 0.0450349 -0.0190889 -0.0738411
FixedParameters: 0 0 0

#Transform 5
Transform: AffineTransform_float_3_3
Parameters: 1 -0.000514586 0.000820504 0.000515096 1 -0.000897578 -0.000819308 0.000898423 1 0.0450306 -0.035299 -0.0929306
FixedParameters: 0 0 0

#Transform 6
Transform: AffineTransform_float_3_3
Parameters: 0.999999 -0.000515165 0.000820138 0.000515479 1 -0.000190577 -0.000819942 0.000191422 0.999999 0.0449868 -0.0401053 -0.0414065
FixedParameters: 0 0 0

#Transform 7
Transform: AffineTransform_float_3_3
Parameters: 0.999999 -0.000515297 0.000820056 0.000515347 0.999999 -3.05042e-05 -0.000820025 3.04958e-05 1 0.0449828 -0.0220827 -0.0350412
FixedParameters: 0 0 0

#Transform 8
Transform: AffineTransform_float_3_3
Parameters: 1 -0.000467349 0.000992144 0.000466421 0.999999 0.000467536 -0.000992581 -0.000467463 0.999999 0.0412819 -0.0185511 -0.0436567
FixedParameters: 0 0 0

#Transform 9
Transform: AffineTransform_float_3_3
Parameters: 1 -0.000448156 0.00105542 0.000449203 0.999999 -0.00108045 -0.00105515 0.00108055 0.999999 0.0398918 -0.0218392 -0.0948309
FixedParameters: 0 0 0

#Transform 10
Transform: AffineTransform_float_3_3
Parameters: 0.999999 -0.000391567 0.0012609 0.000391208 1 0.000142827 -0.00126101 -0.000142173 1 0.0354775 -0.0370086 -0.0398294
FixedParameters: 0 0 0

#Transform 11
Transform: AffineTransform_float_3_3
Parameters: 1 -0.000478126 0.000951165 0.000478915 1 -0.000414544 -0.000950768 0.000415455 0.999999 0.027537 -0.0266691 -0.0460518
FixedParameters: 0 0 0

#Transform 12
Transform: AffineTransform_float_3_3
Parameters: 0.999999 -0.000403302 0.000826128 0.000403769 0.999999 -0.000282593 -0.0008259 0.000282406 0.999999 0.0266824 0.0043861 -0.0541176
FixedParameters: 0 0 0

#Transform 13
Transform: AffineTransform_float_3_3
Parameters: 0.999999 -0.00030168 0.000797258 0.0003013 1 0.00023824 -0.000797401 -0.000237759 0.999999 0.0184312 -0.00560642 -0.0520342
FixedParameters: 0 0 0

#Transform 14
Transform: AffineTransform_float_3_3
Parameters: 1 -0.000156162 0.000650844 0.000156413 0.999999 -0.000932638 -0.000650282 0.000933362 1 0.00917225 -0.00935331 -0.0859689
FixedParameters: 0 0 0

#Transform 15
Transform: AffineTransform_float_3_3
Parameters: 1 5.19354e-05 0.000575467 -5.1376e-05 1 -0.000486029 -0.000575517 0.00048597 0.999999 0.00569891 -0.00718048 -0.0315556
FixedParameters: 0 0 0

#Transform 16
Transform: AffineTransform_float_3_3
Parameters: 0.999999 -1.16719e-05 0.00071588 1.17679e-05 1 -6.69916e-05 -0.000715878 6.70084e-05 0.999999 0.0102359 0.0294275 -0.0456175
FixedParameters: 0 0 0

#Transform 17
Transform: AffineTransform_float_3_3
Parameters: 1 -1.62385e-06 0.00053749 1.60665e-06 1 1.60009e-05 -0.00053749 -1.59991e-05 1 0.00882233 0.0102134 -0.0468154
FixedParameters: 0 0 0

#Transform 18
Transform: AffineTransform_float_3_3
Parameters: 1 0.000186482 0.000660168 -0.000186707 1 0.000170877 -0.000660104 -0.000171123 1 -0.00686934 -0.0136761 -0.0533177
FixedParameters: 0 0 0

#Transform 19
Transform: AffineTransform_float_3_3
Parameters: 1 -4.88434e-05 0.000262029 4.9005e-05 1 -0.000308914 -0.000261999 0.000308086 1 0.00301613 -0.017192 -0.0367565
FixedParameters: 0 0 0

#Transform 20
Transform: AffineTransform_float_3_3
Parameters: 1 0.00013459 5.78879e-06 -0.000134589 1 -5.50008e-05 -5.8036e-06 5.49992e-05 1 0.00581743 0.000484878 -0.0158314
FixedParameters: 0 0 0

#Transform 21
Transform: AffineTransform_float_3_3
Parameters: 1 0.000121075 -4.22955e-05 -0.000121045 1 0.000354005 4.23812e-05 -0.000353995 1 0.00690185 0.0177366 -0.0383711
FixedParameters: 0 0 0

#Transform 22
Transform: AffineTransform_float_3_3
Parameters: 1 -5.43096e-05 -0.000203913 5.41077e-05 1 -0.000495011 0.000203967 0.000494989 1 0.0117288 -0.0152163 -0.0767266
FixedParameters: 0 0 0

#Transform 23
Transform: AffineTransform_float_3_3
Parameters: 1 0.000145178 4.32243e-05 -0.000145108 0.999999 -0.000805006 -4.3458e-05 0.000804993 0.999999 0.00506103 0.00799491 -0.0802628
FixedParameters: 0 0 0

#Transform 24
Transform: AffineTransform_float_3_3
Parameters: 1 0.00033043 0.000174087 -0.000330438 1 2.39425e-05 -0.000174071 -2.40575e-05 1 0.000635991 -0.0278526 -0.0114446
FixedParameters: 0 0 0

#Transform 25
Transform: AffineTransform_float_3_3
Parameters: 1 8.13951e-05 -0.000183804 -8.1439e-05 1 0.000618015 0.000182942 -0.000617985 1 -0.00231794 0.0140188 -0.0204643
FixedParameters: 0 0 0

#Transform 26
Transform: AffineTransform_float_3_3
Parameters: 1 8.13809e-05 -0.00018381 -8.14531e-05 1 0.000541015 0.000182935 -0.000540985 1 -0.00564639 -0.014547 -0.0469845
FixedParameters: 0 0 0

#Transform 27
Transform: AffineTransform_float_3_3
Parameters: 1 8.13368e-05 -0.00018383 -8.1497e-05 1 0.000301015 0.000182916 -0.000300985 1 -0.00723754 -0.0252547 -0.0400095
FixedParameters: 0 0 0

#Transform 28
Transform: AffineTransform_float_3_3
Parameters: 1 3.32043e-05 -0.000552766 -3.41671e-05 0.999999 -0.000870721 0.000552708 0.000871279 1 -0.0149116 -0.0354539 -0.0381146
FixedParameters: 0 0 0

#Transform 29
Transform: AffineTransform_float_3_3
Parameters: 1 1.96133e-05 -0.000402397 -1.91341e-05 1 -0.000600992 0.000402103 0.000601008 0.999999 -0.0178714 0.0199892 -0.0536959
FixedParameters: 0 0 0

#Transform 30
Transform: AffineTransform_float_3_3
Parameters: 1 1.79524e-05 -0.000409124 -1.79696e-05 1 -2.09926e-05 0.000409124 2.10073e-05 1 -0.0094924 -0.00722808 -0.060992
FixedParameters: 0 0 0

#Transform 31
Transform: AffineTransform_float_3_3
Parameters: 1 7.77287e-05 -0.000691829 -7.76471e-05 1 5.90537e-05 0.000691838 -5.89462e-05 1 -0.0143172 -0.000449853 -0.0627203
FixedParameters: 0 0 0

#Transform 32
Transform: AffineTransform_float_3_3
Parameters: 1 -5.12138e-05 -0.000655581 5.14111e-05 1 0.00015004 0.000655565 -0.00015096 1 -0.0244817 -0.029091 -0.00663318
FixedParameters: 0 0 0

#Transform 33
Transform: AffineTransform_float_3_3
Parameters: 0.999999 9.90319e-05 -0.000790208 -9.867e-05 1 0.000229078 0.000790253 -0.000228922 0.999999 -0.023573 0.0213122 -0.00740344
FixedParameters: 0 0 0

#Transform 34
Transform: AffineTransform_float_3_3
Parameters: 0.999999 2.64354e-05 -0.000834216 -2.60399e-05 1 0.000237022 0.000834229 -0.000236978 0.999999 -0.0144424 0.0048235 0.000922331
FixedParameters: 0 0 0

#Transform 35
Transform: AffineTransform_float_3_3
Parameters: 0.999999 0.000157824 -0.000799402 -0.000157264 1 0.000350126 0.000799512 -0.000349874 0.999999 -0.0182818 -0.0327586 -0.00660824
FixedParameters: 0 0 0

#Transform 36
Transform: AffineTransform_float_3_3
Parameters: 0.999999 6.84615e-05 -0.00125452 -6.6598e-05 0.999998 0.00200142 0.00125464 -0.00200158 0.999998 0.013915 -0.0576852 0.078437
FixedParameters: 0 0 0

#Transform 37
Transform: AffineTransform_float_3_3
Parameters: 0.999999 -9.7712e-05 -0.0015615 9.88007e-05 1 0.000965108 0.00156185 -0.000964894 0.999999 0.0324602 0.0155186 0.0239307
FixedParameters: 0 0 0

#Transform 38
Transform: AffineTransform_float_3_3
Parameters: 1 -0.00020417 -0.00120555 0.000206519 0.999999 0.00137401 0.00120526 -0.00137399 0.999999 0.042548 -0.0439538 0.0233426
FixedParameters: 0 0 0

#Transform 39
Transform: AffineTransform_float_3_3
Parameters: 1 -0.000460688 -0.00107568 0.00046169 0.999999 0.00136169 0.00107496 -0.00136131 0.999999 0.0541378 -0.0586051 0.0336263
FixedParameters: 0 0 0

#Transform 40
Transform: AffineTransform_float_3_3
Parameters: 0.999999 -0.000604245 -0.00174566 0.00060456 1 0.000365466 0.00174549 -0.000366534 0.999999 0.0547616 -0.0143031 -0.017149
FixedParameters: 0 0 0

#Transform 41
Transform: AffineTransform_float_3_3
Parameters: 0.999999 -0.000181391 -0.0012733 0.000182288 1 0.000730029 0.0012733 -0.000729971 0.999999 0.0310301 -0.0102743 -0.0251367
FixedParameters: 0 0 0

#Transform 42
Transform: AffineTransform_float_3_3
Parameters: 0.999999 -9.48678e-05 -0.00152613 9.61787e-05 1 0.000429187 0.00152605 -0.000429811 0.999999 0.0179749 -0.0281097 -0.0397146
FixedParameters: 0 0 0

#Transform 43
Transform: AffineTransform_float_3_3
Parameters: 0.999999 -0.000122784 -0.00178107 0.000124052 1 0.000432301 0.00178 -0.000431698 0.999998 0.00679772 -0.0456259 -0.0293329
FixedParameters: 0 0 0

#Transform 44
Transform: AffineTransform_float_3_3
Parameters: 0.999999 -5.86198e-05 -0.0018011 5.9606e-05 1 0.000541415 0.00180131 -0.000540586 0.999998 0.00438556 0.00558549 -0.059051
FixedParameters: 0 0 0

#Transform 45
Transform: AffineTransform_float_3_3
Parameters: 0.999999 -2.64704e-05 -0.00181949 2.70399e-05 1 0.000495546 0.00181877 -0.000495455 0.999999 -0.00616139 -0.00563451 -0.0733095
FixedParameters: 0 0 0

#Transform 46
Transform: AffineTransform_float_3_3
Parameters: 0.999998 0.000171733 -0.00162152 -0.000170588 0.999999 0.000733611 0.00162108 -0.000733388 0.999998 -0.0257487 -0.0145638 -0.0698611
FixedParameters: 0 0 0

#Transform 47
Transform: AffineTransform_float_3_3
Parameters: 0.999999 -2.2509e-05 -0.00156192 2.35879e-05 0.999999 0.000653297 0.00156216 -0.000653702 0.999998 -0.0243596 -0.00959359 -0.0574772
FixedParameters: 0 0 0

#Transform 48
Transform: AffineTransform_float_3_3
Parameters: 0.999998 4.65277e-05 -0.00164373 -4.62624e-05 1 0.00037341 0.00164404 -0.00037359 0.999998 -0.0296571 0.00584625 -0.0985137
FixedParameters: 0 0 0

#Transform 49
Transform: AffineTransform_float_3_3
Parameters: 0.999998 1.76821e-05 -0.00174771 -1.66575e-05 1 0.000568624 0.001748 -0.000568376 0.999999 -0.0462737 -0.0240264 -0.0955486
FixedParameters: 0 0 0

#Transform 50
Transform: AffineTransform_float_3_3
Parameters: 0.999997 0.0001029 -0.00221405 -0.000101638 1 0.00056382 0.00221348 -0.000563179 0.999997 -0.0516823 -0.0397881 -0.0814281
FixedParameters: 0 0 0

#Transform 51
Transform: AffineTransform_float_3_3
Parameters: 0.999997 7.7793e-05 -0.00220703 -7.66872e-05 0.999999 0.000529838 0.00220642 -0.000530162 0.999997 -0.0566499 -0.00347607 -0.0912081
FixedParameters: 0 0 0

#Transform 52
Transform: AffineTransform_float_3_3
Parameters: 0.999997 -9.6981e-05 -0.0021579 9.79977e-05 0.999999 0.000744645 0.00215733 -0.000744356 0.999998 -0.0520249 -0.0190336 -0.139878
FixedParameters: 0 0 0

#Transform 53
Transform: AffineTransform_float_3_3
Parameters: 0.999997 8.1895e-05 -0.0024978 -8.01631e-05 1 0.00073187 0.00249846 -0.00073213 0.999997 -0.0509098 -0.0259005 -0.13667
FixedParameters: 0 0 0

#Transform 54
Transform: AffineTransform_float_3_3
Parameters: 0.999996 6.46542e-05 -0.00262554 -6.52528e-05 1 -0.000113901 0.00262552 0.000114098 0.999996 -0.0433867 -0.0286104 -0.123898
FixedParameters: 0 0 0

#Transform 55
Transform: AffineTransform_float_3_3
Parameters: 0.999997 9.07963e-05 -0.00269681 -8.95812e-05 0.999999 0.000454171 0.0026962 -0.000453828 0.999996 -0.0428984 0.000125009 -0.110098
FixedParameters: 0 0 0

#Transform 56
Transform: AffineTransform_float_3_3
Parameters: 0.999996 8.67611e-05 -0.00263176 -8.74296e-05 1 -0.000126842 0.00263174 0.000127157 0.999996 -0.0338948 0.00863789 -0.0868147
FixedParameters: 0 0 0

#Transform 57
Transform: AffineTransform_float_3_3
Parameters: 0.999995 8.28215e-05 -0.00293583 -8.55932e-05 1 -0.00100957 0.00293581 0.00101044 0.999996 -0.0321425 -0.00440345 -0.0853463
FixedParameters: 0 0 0

#Transform 58
Transform: AffineTransform_float_3_3
Parameters: 0.999995 9.4178e-05 -0.00312307 -9.46589e-05 1 -7.65162e-05 0.00312306 7.74829e-05 0.999994 -0.00441175 -0.0247847 -1.02172e-05
FixedParameters: 0 0 0

#Transform 59
Transform: AffineTransform_float_3_3
Parameters: 0.999993 0.000125454 -0.00354141 -0.000123013 1 0.000616962 0.0035421 -0.000616038 0.999993 0.00670598 -0.0188282 0.0172911
FixedParameters: 0 0 0

#Transform 60
Transform: AffineTransform_float_3_3
Parameters: 0.999992 -1.69584e-06 -0.00402484 6.41328e-07 1 -0.000130887 0.00402485 0.000131111 0.999992 0.000550716 -0.0464136 -0.0251301
FixedParameters: 0 0 0

#Transform 61
Transform: AffineTransform_float_3_3
Parameters: 0.999995 0.00018992 -0.00337748 -0.000190386 1 -6.90225e-05 0.00337745 6.89768e-05 0.999994 -0.00670616 -0.0649578 -0.0261506
FixedParameters: 0 0 0

#Transform 62
Transform: AffineTransform_float_3_3
Parameters: 0.999996 -1.29652e-05 -0.00256782 1.87483e-05 0.999997 0.00216888 0.00256718 -0.00216911 0.999994 -0.0234825 -0.0967898 0.128668
FixedParameters: 0 0 0

#Transform 63
Transform: AffineTransform_float_3_3
Parameters: 0.999999 -1.89848e-06 -0.00183727 7.77495e-06 0.999994 0.00358033 0.0018372 -0.00358068 0.999992 -0.0785239 -0.138561 0.129068
FixedParameters: 0 0 0

#Transform 64
Transform: AffineTransform_float_3_3
Parameters: 0.999998 -2.99129e-05 -0.00226556 3.25475e-05 0.999998 0.00149086 0.00226559 -0.00149114 0.999997 -0.0747932 -0.0046945 0.13376
FixedParameters: 0 0 0

#Transform 65
Transform: AffineTransform_float_3_3
Parameters: 0.999997 0.000309495 -0.00236065 -0.000307013 0.999999 0.0012524 0.00236031 -0.00125161 0.999996 -0.0954157 -0.0375348 0.0747954
FixedParameters: 0 0 0

#Transform 66
Transform: AffineTransform_float_3_3
Parameters: 0.999997 2.35642e-05 -0.00252213 -2.20778e-05 1 0.000485912 0.00252242 -0.000485087 0.999996 -0.0796504 -0.0202365 0.0707706
FixedParameters: 0 0 0

#Transform 67
Transform: AffineTransform_float_3_3
Parameters: 0.999998 -7.2642e-05 -0.00207416 7.42888e-05 1 0.00115844 0.00207384 -0.00115856 0.999997 -0.0897987 -0.02033 0.156217
FixedParameters: 0 0 0

#Transform 68
Transform: AffineTransform_float_3_3
Parameters: 0.999998 0.000100483 -0.00233385 -9.87666e-05 0.999999 0.00057416 0.00233423 -0.000573839 0.999998 -0.111924 -0.0422266 0.110549
FixedParameters: 0 0 0

#Transform 69
Transform: AffineTransform_float_3_3
Parameters: 0.999997 0.000526058 -0.00241375 -0.000530188 0.999998 -0.00202032 0.00241315 0.00202168 0.999995 -0.133017 -0.0423886 0.0495333
FixedParameters: 0 0 0

#Transform 70
Transform: AffineTransform_float_3_3
Parameters: 0.999997 0.000129372 -0.00242904 -0.000133743 0.999999 -0.00180309 0.00242941 0.00180391 0.999995 -0.110394 -0.0971387 0.0435629
FixedParameters: 0 0 0

#Transform 71
Transform: AffineTransform_float_3_3
Parameters: 0.999997 0.000124082 -0.00249291 -0.000125846 1 -0.000407759 0.00249377 0.000408239 0.999997 -0.0852156 -0.056189 0.0113288
FixedParameters: 0 0 0

#Transform 72
Transform: AffineTransform_float_3_3
Parameters: 0.999997 -0.000153926 -0.00234833 0.000151639 0.999999 -0.000749503 0.00234925 0.000749495 0.999997 -0.0521145 -0.0456779 0.0129625
FixedParameters: 0 0 0

#Transform 73
Transform: AffineTransform_float_3_3
Parameters: 0.999998 -0.000123029 -0.00224544 0.000122432 1 8.13195e-05 0.00224569 -8.16822e-05 0.999997 -0.0508216 -0.067183 0.0314093
FixedParameters: 0 0 0

#Transform 74
Transform: AffineTransform_float_3_3
Parameters: 0.999997 1.97583e-05 -0.00239688 -2.05516e-05 1 -0.000165096 0.00239687 0.000165903 0.999997 -0.0494965 -0.0393788 0.0158512
FixedParameters: 0 0 0

#Transform 75
Transform: AffineTransform_float_3_3
Parameters: 0.999997 -0.000175589 -0.00241747 0.000171562 0.999998 -0.00162956 0.00241695 0.00162943 0.999996 -0.0525549 0.00112165 0.00840894
FixedParameters: 0 0 0

#Transform 76
Transform: AffineTransform_float_3_3
Parameters: 0.999997 -0.000153971 -0.00234832 0.000151594 0.999999 -0.000768503 0.00234925 0.000768495 0.999997 -0.061919 -0.0196694 0.00338174
FixedParameters: 0 0 0

#Transform 77
Transform: AffineTransform_float_3_3
Parameters: 0.999997 -0.00015437 -0.0023483 0.000152157 1 -0.000938766 0.00234901 0.000938235 0.999997 -0.0568095 -0.0686838 0.0174425
FixedParameters: 0 0 0

#Transform 78
Transform: AffineTransform_float_3_3
Parameters: 0.999997 -0.000120692 -0.00221821 0.000115662 0.999998 -0.00227967 0.00221835 0.00227933 0.999995 -0.0564224 -0.0313572 0.00304219
FixedParameters: 0 0 0

#Transform 79
Transform: AffineTransform_float_3_3
Parameters: 0.999998 -4.34144e-05 -0.00195369 4.09503e-05 1 -0.00112375 0.00195324 0.00112325 0.999997 -0.0571285 -0.0400571 0.0184159
FixedParameters: 0 0 0

#Transform 80
Transform: AffineTransform_float_3_3
Parameters: 0.999999 -0.000154864 -0.00179156 0.000151079 0.999998 -0.00186294 0.00179132 0.00186206 0.999997 -0.0567937 -0.0554223 -0.00854915
FixedParameters: 0 0 0

#Transform 81
Transform: AffineTransform_float_3_3
Parameters: 0.999998 -5.72832e-05 -0.0020018 5.44119e-05 0.999999 -0.00126552 0.00200236 0.00126548 0.999998 -0.0540113 -0.0840216 0.0371071
FixedParameters: 0 0 0

#Transform 82
Transform: AffineTransform_float_3_3
Parameters: 0.999998 -5.68743e-05 -0.00200181 5.48199e-05 1 -0.00106178 0.00200235 0.00106122 0.999997 -0.0384957 -0.0500416 0.00191421
FixedParameters: 0 0 0

#Transform 83
Transform: AffineTransform_float_3_3
Parameters: 0.999998 -1.59063e-05 -0.00163423 1.37742e-05 0.999999 -0.00132376 0.00163469 0.00132424 0.999998 -0.0633431 -0.0481892 0.0125909
FixedParameters: 0 0 0

#Transform 84
Transform: AffineTransform_float_3_3
Parameters: 0.999999 -5.62742e-05 -0.00146462 5.54927e-05 0.999999 -0.000595748 0.00146441 0.000595252 0.999999 -0.0486595 -0.0821946 0.0583089
FixedParameters: 0 0 0

#Transform 85
Transform: AffineTransform_float_3_3
Parameters: 0.999998 -2.20765e-05 -0.00187573 1.87214e-05 0.999999 -0.00147944 0.00187621 0.00147956 0.999997 -0.0317548 -0.011008 0.0297683
FixedParameters: 0 0 0

#Transform 86
Transform: AffineTransform_float_3_3
Parameters: 0.999999 -0.000177043 -0.00154297 0.000175124 0.999999 -0.00124601 0.00154286 0.00124599 0.999998 -0.0352229 -0.0289945 0.0192208
FixedParameters: 0 0 0

#Transform 87
Transform: AffineTransform_float_3_3
Parameters: 0.999999 0.000172272 -0.00142183 -0.000172184 1 -0.000307422 0.00142146 0.000307579 0.999999 -0.0804046 -0.0563061 0.0543421
FixedParameters: 0 0 0

#Transform 88
Transform: AffineTransform_float_3_3
Parameters: 0.999999 0.000320001 -0.00145409 -0.000321021 1 -0.0003502 0.00145386 0.000350799 0.999999 -0.0923596 -0.00505969 0.0628572
FixedParameters: 0 0 0

#Transform 89
Transform: AffineTransform_float_3_3
Parameters: 0.999999 0.000556332 -0.00110264 -0.000557638 0.999999 -0.00115131 0.00110205 0.00115169 0.999999 -0.120029 -0.0367978 0.0251435
FixedParameters: 0 0 0

#Transform 90
Transform: AffineTransform_float_3_3
Parameters: 1 0.000191596 -0.00112856 -0.000190736 0.999999 0.000807549 0.00112914 -0.00080745 0.999999 -0.0842767 -0.0909287 0.0541464
FixedParameters: 0 0 0

#Transform 91
Transform: AffineTransform_float_3_3
Parameters: 1 0.000477401 -0.000921647 -0.000476232 0.999999 0.00130344 0.000922197 -0.00130256 0.999998 -0.0885348 -0.07037 0.103167
FixedParameters: 0 0 0

#Transform 92
Transform: AffineTransform_float_3_3
Parameters: 1 0.000205313 -0.00107946 -0.000204619 0.999999 0.000767482 0.00108004 -0.000766518 0.999999 -0.0575664 -0.0162588 0.0681845
FixedParameters: 0 0 0

#Transform 93
Transform: AffineTransform_float_3_3
Parameters: 0.999999 0.000434167 -0.00067823 -0.000433176 1 0.000930295 0.000678074 -0.000929707 1 -0.073145 -0.0467263 0.0536137
FixedParameters: 0 0 0

#Transform 94
Transform: AffineTransform_float_3_3
Parameters: 0.999999 0.000472529 -0.000745085 -0.000471485 1 0.000882352 0.000744955 -0.000881649 1 -0.0932616 -0.0776919 0.0719898
FixedParameters: 0 0 0

#Transform 95
Transform: AffineTransform_float_3_3
Parameters: 0.999999 0.00056353 -0.00134204 -0.000563207 1 0.00057983 0.001342 -0.000579171 0.999999 -0.0778581 -0.0344398 0.0720999
FixedParameters: 0 0 0

#Transform 96
Transform: AffineTransform_float_3_3
Parameters: 0.999999 0.000992099 -0.000810037 -0.000991478 0.999999 0.000550616 0.000810167 -0.000550384 0.999999 -0.117954 -0.00727359 0.110748
FixedParameters: 0 0 0

#Transform 97
Transform: AffineTransform_float_3_3
Parameters: 0.999999 0.00100876 -0.000890824 -0.00100847 1 0.000315711 0.000890498 -0.000315289 0.999999 -0.11981 -0.0464765 0.127898
FixedParameters: 0 0 0

#Transform 98
Transform: AffineTransform_float_3_3
Parameters: 1 0.00101186 -0.000618864 -0.00101116 0.999998 0.0017837 0.000620817 -0.0017833 0.999999 -0.113259 -0.0555464 0.161008
FixedParameters: 0 0 0

#Transform 99
Transform: AffineTransform_float_3_3
Parameters: 0.999999 0.000986848 -0.000823217 -0.000986534 1 -0.000394375 0.000822168 0.000394624 1 -0.0993974 -0.0105008 0.0824388
FixedParameters: 0 0 0

#Transform 100
Transform: AffineTransform_float_3_3
Parameters: 0.999999 0.000769874 -0.00122051 -0.000770104 1 -0.000598988 0.00122027 0.000600014 0.999999 -0.0879831 -0.0332592 0.0822733
FixedParameters: 0 0 0

#Transform 101
Transform: AffineTransform_float_3_3
Parameters: 1 0.000477532 -0.000748688 -0.00047572 0.999998 0.00221436 0.000749144 -0.00221364 0.999998 -0.0848188 -0.106534 0.149123
FixedParameters: 0 0 0

#Transform 102
Transform: AffineTransform_float_3_3
Parameters: 0.999998 0.00095904 -0.0012663 -0.000952502 0.999987 0.00511329 0.00127165 -0.00511172 0.999987 -0.148248 -0.218571 0.0834526
FixedParameters: 0 0 0

#Transform 103
Transform: AffineTransform_float_3_3
Parameters: 0.999999 0.000391288 -0.00170289 -0.000383741 0.999991 0.00422899 0.00170394 -0.004228 0.999989 -0.147753 -0.162296 0.0508663
FixedParameters: 0 0 0

#Transform 104
Transform: AffineTransform_float_3_3
Parameters: 0.999998 3.01907e-05 -0.00170438 -2.94653e-05 0.999999 0.000777646 0.00170496 -0.000777355 0.999999 -0.134266 0.0405643 -0.0814637
FixedParameters: 0 0 0

#Transform 105
Transform: AffineTransform_float_3_3
Parameters: 0.999999 4.15601e-05 -0.000847106 -4.22049e-05 1 -0.000948965 0.000846756 0.000949036 0.999999 -0.152475 0.00373865 -0.0523382
FixedParameters: 0 0 0

#Transform 106
Transform: AffineTransform_float_3_3
Parameters: 0.999999 -7.32156e-05 -0.000814774 7.21399e-05 0.999999 -0.00125106 0.000814685 0.00125094 0.999999 -0.133029 0.0152029 -0.0815467
FixedParameters: 0 0 0

#Transform 107
Transform: AffineTransform_float_3_3
Parameters: 0.999999 0.000252081 -0.000906637 -0.000253342 0.999999 -0.00122677 0.000905746 0.00122723 0.999999 -0.149309 -0.012983 -0.0898653
FixedParameters: 0 0 0

#Transform 108
Transform: AffineTransform_float_3_3
Parameters: 0.999999 7.24005e-05 -0.000778282 -7.38268e-05 0.999998 -0.00232694 0.000778363 0.00232706 0.999997 -0.168634 -0.0577844 -0.150121
FixedParameters: 0 0 0

#Transform 109
Transform: AffineTransform_float_3_3
Parameters: 0.999999 0.000300552 -0.00073615 -0.000301627 0.999999 -0.000729778 0.000735711 0.000730221 0.999999 -0.184426 -0.0678903 -0.142891
FixedParameters: 0 0 0

#Transform 110
Transform: AffineTransform_float_3_3
Parameters: 0.999999 0.000201887 -0.000792846 -0.000203117 0.999999 -0.00155284 0.000792909 0.00155316 0.999998 -0.191861 -0.0791997 -0.168914
FixedParameters: 0 0 0

#Transform 111
Transform: AffineTransform_float_3_3
Parameters: 1 0.000357933 -0.000531414 -0.000359253 0.999998 -0.00149674 0.000531304 0.00149626 0.999999 -0.205582 -0.0398696 -0.201082
FixedParameters: 0 0 0

#Transform 112
Transform: AffineTransform_float_3_3
Parameters: 0.999999 0.000251923 -0.000906681 -0.000253501 0.999999 -0.0014017 0.000905702 0.0014013 0.999998 -0.20958 -0.0219662 -0.240262
FixedParameters: 0 0 0

#Transform 113
Transform: AffineTransform_float_3_3
Parameters: 0.999999 4.47818e-05 -0.000848226 -4.66846e-05 0.999998 -0.00168963 0.0008478 0.00168937 0.999999 -0.212165 0.00600033 -0.272775
FixedParameters: 0 0 0

#Transform 114
Transform: AffineTransform_float_3_3
Parameters: 0.999999 0.000251355 -0.000906839 -0.000253799 0.999998 -0.00202777 0.000906506 0.00202823 0.999997 -0.217062 -0.0017938 -0.305388
FixedParameters: 0 0 0

#Transform 115
Transform: AffineTransform_float_3_3
Parameters: 0.999999 0.000251802 -0.000906715 -0.000253621 0.999998 -0.0015347 0.000905668 0.0015343 0.999998 -0.21367 0.00128561 -0.317518
FixedParameters: 0 0 0

#Transform 116
Transform: AffineTransform_float_3_3
Parameters: 0.999999 0.000194006 -0.000778446 -0.000196313 0.999998 -0.00227385 0.000778251 0.00227415 0.999997 -0.20063 -0.00464268 -0.319706
FixedParameters: 0 0 0

#Transform 117
Transform: AffineTransform_float_3_3
Parameters: 0.999999 0.000230766 -0.000979034 -0.000232566 0.999998 -0.00217878 0.000979409 0.00217923 0.999997 -0.187558 0.0308871 -0.309387
FixedParameters: 0 0 0

#Transform 118
Transform: AffineTransform_float_3_3
Parameters: 0.999999 -7.32425e-05 -0.00138111 7.05578e-05 0.999999 -0.00132077 0.00138103 0.00132023 0.999999 -0.176116 0.01269 -0.225954
FixedParameters: 0 0 0

#Transform 119
Transform: AffineTransform_float_3_3
Parameters: 1 -0.000163258 -0.00115413 0.00016147 0.999998 -0.00160893 0.00115411 0.00160907 0.999998 -0.186066 0.0106097 -0.134839
FixedParameters: 0 0 0

#Transform 120
Transform: AffineTransform_float_3_3
Parameters: 0.999999 -0.000127428 -0.000746547 0.000125103 0.999997 -0.00220083 0.000746832 0.00220117 0.999998 -0.185046 -0.021831 -0.163129
FixedParameters: 0 0 0

#Transform 121
Transform: AffineTransform_float_3_3
Parameters: 1 -0.000276853 -0.00101082 0.000273961 0.999996 -0.00285802 0.00101158 0.00285798 0.999996 -0.180645 -0.0470587 -0.205433
FixedParameters: 0 0 0

#Transform 122
Transform: AffineTransform_float_3_3
Parameters: 1 -0.000266099 -0.000971258 0.000263488 0.999995 -0.00332526 0.000971936 0.00332474 0.999994 -0.167491 -0.0727612 -0.179645
FixedParameters: 0 0 0

#Transform 123
Transform: AffineTransform_float_3_3
Parameters: 1 -0.000177982 -0.00111788 0.000174252 0.999997 -0.00252894 0.00111823 0.00252906 0.999996 -0.170694 -0.0165899 -0.151115
FixedParameters: 0 0 0

#Transform 124
Transform: AffineTransform_float_3_3
Parameters: 0.999999 -0.000257584 -0.000944558 0.000255886 0.999997 -0.00242724 0.000944992 0.00242676 0.999996 -0.152806 -0.0150025 -0.194652
FixedParameters: 0 0 0

#Transform 125
Transform: AffineTransform_float_3_3
Parameters: 1 -0.000291701 -0.00106481 0.000289419 0.999997 -0.00242705 0.00106541 0.00242695 0.999997 -0.156917 -0.022969 -0.223134
FixedParameters: 0 0 0

#Transform 126
Transform: AffineTransform_float_3_3
Parameters: 0.999999 -0.000358271 -0.00130059 0.000355443 0.999997 -0.0021972 0.00130135 0.00219679 0.999996 -0.160988 -0.0121581 -0.244156
FixedParameters: 0 0 0

#Transform 127
Transform: AffineTransform_float_3_3
Parameters: 0.999999 -0.000358571 -0.00130051 0.000356107 0.999997 -0.00242721 0.00130116 0.0024268 0.999996 -0.158926 0.00562449 -0.240414
FixedParameters: 0 0 0

#Transform 128
Transform: AffineTransform_float_3_3
Parameters: 0.999999 -0.000359559 -0.00130024 0.000356082 0.999995 -0.00318721 0.00130117 0.0031868 0.999994 -0.145107 0.0416095 -0.221461
FixedParameters: 0 0 0

#Transform 129
Transform: AffineTransform_float_3_3
Parameters: 1 -0.00028742 -0.00104836 0.0002845 0.999996 -0.0027693 0.00104913 0.0027687 0.999995 -0.150487 0.0336799 -0.227539
FixedParameters: 0 0 0

#Transform 130
Transform: AffineTransform_float_3_3
Parameters: 1 -0.000196357 -0.000918291 0.0001933 0.999997 -0.00271218 0.000918806 0.00271182 0.999996 -0.164959 0.0187195 -0.238682
FixedParameters: 0 0 0

#Transform 131
Transform: AffineTransform_float_3_3
Parameters: 0.999999 -0.000159644 -0.00102645 0.000156699 0.999996 -0.00284116 0.00102654 0.00284084 0.999995 -0.182267 0.0152984 -0.248951
FixedParameters: 0 0 0

#Transform 132
Transform: AffineTransform_float_3_3
Parameters: 0.999999 -7.5165e-05 -0.00138101 7.17936e-05 0.999996 -0.00271277 0.00138129 0.00271223 0.999996 -0.183073 0.00118563 -0.247827
FixedParameters: 0 0 0

#Transform 133
Transform: AffineTransform_float_3_3
Parameters: 0.999999 0.000104347 -0.00175942 -0.000109353 0.999997 -0.00267048 0.0017597 0.00267052 0.999995 -0.161834 -0.0287892 -0.219026
FixedParameters: 0 0 0

#Transform 134
Transform: AffineTransform_float_3_3
Parameters: 0.999999 0.000240747 -0.00174409 -0.000244654 0.999997 -0.00265524 0.00174337 0.00265576 0.999995 -0.143264 0.0107964 -0.171549
FixedParameters: 0 0 0

#Transform 135
Transform: AffineTransform_float_3_3
Parameters: 0.999998 0.000297686 -0.00193268 -0.000302927 0.999997 -0.00249182 0.00193203 0.00249317 0.999995 -0.122463 0.0364496 -0.104863
FixedParameters: 0 0 0

#Transform 136
Transform: AffineTransform_float_3_3
Parameters: 0.999999 0.000237425 -0.00174241 -0.00024274 0.999995 -0.00306225 0.00174151 0.00306275 0.999994 -0.135559 -0.0135531 -0.116598
FixedParameters: 0 0 0

#Transform 137
Transform: AffineTransform_float_3_3
Parameters: 0.999999 -0.000323838 -0.00118146 0.000321805 0.999998 -0.00167512 0.001182 0.00167488 0.999998 -0.164449 -0.00800948 -0.0696814
FixedParameters: 0 0 0

#Transform 138
Transform: AffineTransform_float_3_3
Parameters: 0.999999 -0.000362033 -0.00131304 0.00035968 0.999997 -0.00236222 0.00131366 0.00236179 0.999997 -0.14815 -0.0334543 -0.116867
FixedParameters: 0 0 0

#Transform 139
Transform: AffineTransform_float_3_3
Parameters: 0.999999 -0.000341326 -0.00123784 0.000338173 0.999996 -0.00282816 0.00123868 0.00282784 0.999995 -0.149732 -0.0337602 -0.153863
FixedParameters: 0 0 0

#Transform 140
Transform: AffineTransform_float_3_3
Parameters: 1 -0.000318264 -0.00115396 0.000314151 0.999994 -0.00344911 0.00115506 0.0034489 0.999994 -0.151452 -0.0299374 -0.179628
FixedParameters: 0 0 0

#Transform 141
Transform: AffineTransform_float_3_3
Parameters: 0.999999 -0.000351925 -0.0012733 0.000348561 0.999995 -0.00321019 0.00127419 0.00320981 0.999994 -0.12368 0.00640072 -0.116376
FixedParameters: 0 0 0

#Transform 142
Transform: AffineTransform_float_3_3
Parameters: 0.999999 -7.43878e-05 -0.00127523 7.12791e-05 0.999996 -0.00283476 0.00127552 0.00283424 0.999996 -0.134468 0.0260625 -0.131014
FixedParameters: 0 0 0

#Transform 143
Transform: AffineTransform_float_3_3
Parameters: 1 -6.47993e-05 -0.00105545 6.22815e-05 0.999997 -0.00268899 0.00105594 0.00268801 0.999996 -0.131316 0.0132131 -0.180403
FixedParameters: 0 0 0

#Transform 144
Transform: AffineTransform_float_3_3
Parameters: 1 -0.000202779 -0.00116075 0.0001995 0.999997 -0.00265623 0.00116101 0.00265577 0.999996 -0.133485 -0.0132121 -0.207996
FixedParameters: 0 0 0

#Transform 145
Transform: AffineTransform_float_3_3
Parameters: 0.999999 -0.000369563 -0.00133586 0.000366102 0.999995 -0.00309623 0.00133678 0.00309577 0.999995 -0.123314 0.000301153 -0.214187
FixedParameters: 0 0 0

#Transform 146
Transform: AffineTransform_float_3_3
Parameters: 0.999999 -0.000391941 -0.00141475 0.000388102 0.999996 -0.00305729 0.00141578 0.00305671 0.999995 -0.117478 -0.00988479 -0.206009
FixedParameters: 0 0 0

#Transform 147
Transform: AffineTransform_float_3_3
Parameters: 0.999999 -0.000448893 -0.00140375 0.000445527 0.999995 -0.00291237 0.00140501 0.00291163 0.999994 -0.113244 0.0178034 -0.239414
FixedParameters: 0 0 0

#Transform 148
Transform: AffineTransform_float_3_3
Parameters: 0.999999 -0.000471236 -0.001413 0.000466921 0.999996 -0.0028884 0.00141463 0.0028876 0.999995 -0.112773 -0.0128145 -0.255869
FixedParameters: 0 0 0

#Transform 149
Transform: AffineTransform_float_3_3
Parameters: 0.999999 -0.000347263 -0.00125591 0.000343482 0.999994 -0.00342018 0.00125692 0.00341983 0.999994 -0.116974 -0.0190696 -0.256814
FixedParameters: 0 0 0

#Transform 150
Transform: AffineTransform_float_3_3
Parameters: 1 -0.000319476 -0.00115777 0.000316066 0.999993 -0.00355011 0.00115868 0.00354989 0.999993 -0.119182 0.0232822 -0.222349
FixedParameters: 0 0 0

#Transform 151
Transform: AffineTransform_float_3_3
Parameters: 1 -0.00031262 -0.0011358 0.000309512 0.999996 -0.00306235 0.00113663 0.00306165 0.999994 -0.119636 0.0460023 -0.22606
FixedParameters: 0 0 0

#Transform 152
Transform: AffineTransform_float_3_3
Parameters: 0.999999 -0.000377997 -0.00136258 0.000373784 0.999994 -0.00366425 0.00136371 0.00366375 0.999993 -0.114742 0.00333156 -0.266417
FixedParameters: 0 0 0

#Transform 153
Transform: AffineTransform_float_3_3
Parameters: 0.999999 -0.000498659 -0.00144467 0.000493758 0.999995 -0.00336046 0.00144665 0.00335954 0.999994 -0.105718 0.0179405 -0.271325
FixedParameters: 0 0 0

#Transform 154
Transform: AffineTransform_float_3_3
Parameters: 0.999999 -0.000279214 -0.00145941 0.000273658 0.999992 -0.00397314 0.00146094 0.00397286 0.999991 -0.0861952 0.00413527 -0.262519
FixedParameters: 0 0 0

#Transform 155
Transform: AffineTransform_float_3_3
Parameters: 1 -0.000283102 -0.00103192 0.00028058 0.999995 -0.00308729 0.00103257 0.00308671 0.999994 -0.106338 0.0240186 -0.177311
FixedParameters: 0 0 0

#Transform 156
Transform: AffineTransform_float_3_3
Parameters: 0.999999 -0.000346853 -0.00125499 0.000343351 0.999994 -0.00331217 0.00125592 0.00331182 0.999993 -0.089351 0.0318787 -0.214534
FixedParameters: 0 0 0

#Transform 157
Transform: AffineTransform_float_3_3
Parameters: 1 -0.000311181 -0.00112998 0.000307704 0.999994 -0.00324109 0.0011309 0.00324091 0.999994 -0.105305 0.00420073 -0.222105
FixedParameters: 0 0 0

#Transform 158
Transform: AffineTransform_float_3_3
Parameters: 1 -0.000273306 -0.000995203 0.000269811 0.999993 -0.00368927 0.000996124 0.00368873 0.999992 -0.123376 0.00612801 -0.239163
FixedParameters: 0 0 0

#Transform 159
Transform: AffineTransform_float_3_3
Parameters: 1 -0.000272263 -0.000991342 0.000268689 0.999993 -0.00374301 0.000992284 0.00374299 0.999993 -0.116638 -0.00318524 -0.248172
FixedParameters: 0 0 0

#Transform 160
Transform: AffineTransform_float_3_3
Parameters: 0.999999 -0.000364231 -0.00131036 0.000358325 0.99999 -0.00445521 0.00131195 0.00445479 0.999989 -0.10049 0.00693911 -0.266499
FixedParameters: 0 0 0

#Transform 161
Transform: AffineTransform_float_3_3
Parameters: 0.999998 -0.000427259 -0.00153674 0.000422479 0.999994 -0.00343339 0.00153803 0.00343261 0.999993 -0.0832986 0.0250593 -0.272347
FixedParameters: 0 0 0

#Transform 162
Transform: AffineTransform_float_3_3
Parameters: 0.999998 -0.000568864 -0.00149639 0.000563636 0.999993 -0.00358533 0.00149787 0.00358467 0.999993 -0.0941606 0.00517807 -0.291314
FixedParameters: 0 0 0

#Transform 163
Transform: AffineTransform_float_3_3
Parameters: 0.999999 -0.000329106 -0.00119038 0.000324837 0.999992 -0.00381313 0.00119152 0.00381287 0.999992 -0.105538 -0.0068424 -0.276483
FixedParameters: 0 0 0

#Transform 164
Transform: AffineTransform_float_3_3
Parameters: 0.999999 -0.000411908 -0.00147977 0.000405899 0.999992 -0.00398034 0.0014814 0.00397965 0.999991 -0.104092 0.0241588 -0.241602
FixedParameters: 0 0 0

#Transform 165
Transform: AffineTransform_float_3_3
Parameters: 0.999998 -0.000427641 -0.00153663 0.000422096 0.999993 -0.00368239 0.00153814 0.00368161 0.999992 -0.0985469 0.0447729 -0.245717
FixedParameters: 0 0 0

#Transform 166
Transform: AffineTransform_float_3_3
Parameters: 0.999999 -0.00031873 -0.00145848 0.00031368 0.999994 -0.0034722 0.00146028 0.0034718 0.999993 -0.113637 0.0362577 -0.242174
FixedParameters: 0 0 0

#Transform 167
Transform: AffineTransform_float_3_3
Parameters: 0.999998 -0.000375466 -0.00155154 0.00036934 0.999992 -0.00414432 0.00155273 0.00414369 0.99999 -0.108587 0.0175527 -0.240667
FixedParameters: 0 0 0

#Transform 168
Transform: AffineTransform_float_3_3
Parameters: 0.999998 -0.000539249 -0.00192388 0.000531482 0.999991 -0.00426851 0.00192601 0.00426749 0.999989 -0.0749597 0.05581 -0.25224
FixedParameters: 0 0 0

#Transform 169
Transform: AffineTransform_float_3_3
Parameters: 0.999998 -0.000538885 -0.00192398 0.000531845 0.999991 -0.00407951 0.00192591 0.00407849 0.99999 -0.0749537 0.0385325 -0.246472
FixedParameters: 0 0 0

#Transform 170
Transform: AffineTransform_float_3_3
Parameters: 0.999998 -0.00053826 -0.00192416 0.000531508 0.999993 -0.00375451 0.00192601 0.00375349 0.999991 -0.0749348 -0.00593855 -0.251287
FixedParameters: 0 0 0

#Transform 171
Transform: AffineTransform_float_3_3
Parameters: 0.999998 -0.00013144 -0.00172614 0.000124377 0.999993 -0.0037967 0.00172645 0.0037973 0.999991 -0.032818 0.0225004 -0.0705412
FixedParameters: 0 0 0

#Transform 172
Transform: AffineTransform_float_3_3
Parameters: 0.999999 0.000285685 -0.00183339 -0.000292095 0.999994 -0.00347213 0.00183169 0.00347286 0.999992 -0.0592231 0.0514365 -0.0633052
FixedParameters: 0 0 0

#Transform 173
Transform: AffineTransform_float_3_3
Parameters: 0.999998 -4.94197e-05 -0.00206321 4.2525e-05 0.999995 -0.0031365 0.00206284 0.0031365 0.999993 -0.0728431 -0.026035 -0.0975559
FixedParameters: 0 0 0

#Transform 174
Transform: AffineTransform_float_3_3
Parameters: 0.999999 -8.89278e-05 -0.00181004 8.22371e-05 0.999993 -0.00385882 0.00181073 0.00385818 0.999991 -0.0879987 -0.0298372 -0.166568
FixedParameters: 0 0 0

#Transform 175
Transform: AffineTransform_float_3_3
Parameters: 0.999998 2.75865e-05 -0.00193787 -3.50277e-05 0.999992 -0.00379834 0.00193766 0.00379865 0.999991 -0.0953491 -0.0255818 -0.147238
FixedParameters: 0 0 0

#Transform 176
Transform: AffineTransform_float_3_3
Parameters: 0.999999 5.98099e-05 -0.0018127 -6.61493e-05 0.999994 -0.00341755 0.00181161 0.00341745 0.999992 -0.093076 0.0357542 -0.159851
FixedParameters: 0 0 0

#Transform 177
Transform: AffineTransform_float_3_3
Parameters: 0.999998 0.000274964 -0.00160696 -0.000281243 0.999993 -0.00370422 0.00160643 0.00370478 0.999992 -0.101157 0.0155947 -0.119219
FixedParameters: 0 0 0

#Transform 178
Transform: AffineTransform_float_3_3
Parameters: 0.999999 0.000203902 -0.00135685 -0.000208401 0.999994 -0.00363265 0.00135593 0.00363235 0.999992 -0.119916 0.00608646 -0.147832
FixedParameters: 0 0 0

#Transform 179
Transform: AffineTransform_float_3_3
Parameters: 0.999999 7.39078e-05 -0.00149079 -8.11683e-05 0.99999 -0.00455481 0.00149039 0.00455419 0.999988 -0.117447 -0.0168498 -0.155968
FixedParameters: 0 0 0

#Transform 180
Transform: AffineTransform_float_3_3
Parameters: 0.999999 4.98134e-05 -0.0013244 -5.54828e-05 0.999993 -0.00369667 0.00132389 0.00369733 0.999993 -0.113434 0.0380255 -0.175866
FixedParameters: 0 0 0

#Transform 181
Transform: AffineTransform_float_3_3
Parameters: 0.999999 8.07235e-05 -0.0014522 -8.67931e-05 0.99999 -0.00459755 0.00145146 0.00459746 0.999989 -0.115442 0.00646936 -0.233841
FixedParameters: 0 0 0

#Transform 182
Transform: AffineTransform_float_3_3
Parameters: 0.999999 -8.20194e-05 -0.00134725 7.70443e-05 0.999991 -0.00409077 0.00134724 0.00409022 0.999991 -0.119577 -0.00224286 -0.244064
FixedParameters: 0 0 0

#Transform 183
Transform: AffineTransform_float_3_3
Parameters: 0.999999 -0.00013854 -0.00144342 0.000132884 0.999992 -0.00405293 0.00144386 0.00405306 0.99999 -0.122965 -0.0127981 -0.225827
FixedParameters: 0 0 0

#Transform 184
Transform: AffineTransform_float_3_3
Parameters: 0.999999 -0.000217197 -0.00142935 0.00021066 0.999991 -0.00440005 0.00143057 0.00439996 0.99999 -0.119796 0.0156271 -0.254786
FixedParameters: 0 0 0

#Transform 185
Transform: AffineTransform_float_3_3
Parameters: 0.999999 -0.000101413 -0.00133782 9.42597e-05 0.999988 -0.00503213 0.0013391 0.00503187 0.999986 -0.120592 0.0223449 -0.27952
FixedParameters: 0 0 0

#Transform 186
Transform: AffineTransform_float_3_3
Parameters: 0.999999 -0.000243844 -0.00147378 0.000237067 0.999989 -0.00467509 0.0014751 0.00467491 0.999988 -0.126768 0.0179143 -0.267659
FixedParameters: 0 0 0

#Transform 187
Transform: AffineTransform_float_3_3
