# transform file /tmp/sourcedata/freesurfer/sub-LJ001/mri/transforms/cc_up.lta
# created by fmriprep on Sun Feb 11 13:22:12 2024

type      = 0 # LINEAR_VOX_TO_VOX
nxforms   = 1
mean      = 129.0000 126.0000 128.0000
sigma     = 10000.0000
1 4 4
9.985466003417969e-01 -5.191045999526978e-02 1.449570711702108e-02 3.718573808670044e+00 
5.190499126911163e-02 9.986518025398254e-01 7.534946198575199e-04 1.639802551269531e+01 
-1.451527792960405e-02 5.820766785236131e-11 9.998947381973267e-01 1.087330150604248e+01 
0.000000000000000e+00 0.000000000000000e+00 0.000000000000000e+00 1.000000000000000e+00 
src volume info
valid = 1  # volume info valid
filename = /tmp/sourcedata/freesurfer/sub-LJ001/mri/norm.mgz
volume = 256 256 256
voxelsize = 1.000000000000000e+00 1.000000000000000e+00 1.000000000000000e+00
xras   = -1.000000000000000e+00 0.000000000000000e+00 0.000000000000000e+00
yras   = 0.000000000000000e+00 0.000000000000000e+00 -1.000000000000000e+00
zras   = 0.000000000000000e+00 1.000000000000000e+00 0.000000000000000e+00
cras   = 3.165740966796875e-01 2.231811523437500e+00 9.183349609375000e+00
dst volume info
valid = 1  # volume info valid
filename = /tmp/sourcedata/freesurfer/sub-LJ001/mri/norm.mgz
volume = 256 256 256
voxelsize = 1.000000000000000e+00 1.000000000000000e+00 1.000000000000000e+00
xras   = -1.000000000000000e+00 0.000000000000000e+00 0.000000000000000e+00
yras   = 0.000000000000000e+00 0.000000000000000e+00 -1.000000000000000e+00
zras   = 0.000000000000000e+00 1.000000000000000e+00 0.000000000000000e+00
cras   = 3.165740966796875e-01 2.231811523437500e+00 9.183349609375000e+00
