# transform file /tmp/work/fmriprep_23_2_wf/sub_LJ002_wf/bold_ses_LJ002MR1_task_judge_wf/bold_fit_wf/bold_reg_wf/bbreg_wf/mri_coreg/registration.lta
# created by UNKNOWN on Sat Feb 10 21:18:55 2024

type      = 0 # LINEAR_VOX_TO_VOX
nxforms   = 1
mean      = 0.0000 0.0000 0.0000
sigma     = 10000.0000
1 4 4
2.999902009963989e+00 2.342908456921577e-02 -6.341562140733004e-03 3.357643508911133e+01 
-5.235986318439245e-04 -7.211586833000183e-01 -2.912031888961792e+00 2.256342315673828e+02 
-2.426650375127792e-02 2.911937952041626e+00 -7.211309671401978e-01 5.455079650878906e+01 
0.000000000000000e+00 0.000000000000000e+00 0.000000000000000e+00 1.000000119209290e+00 
src volume info
valid = 1  # volume info valid
filename = /tmp/work/fmriprep_23_2_wf/sub_LJ002_wf/bold_ses_LJ002MR1_task_judge_wf/bold_fit_wf/bold_reg_wf/bbreg_wf/mri_coreg/sub-LJ002_ses-LJ002MR1_task-judge_desc-coreg_boldref.nii.gz
volume = 64 64 51
voxelsize = 3.000000000000000e+00 3.000000000000000e+00 3.000000000000000e+00
xras   = -1.000000000000000e+00 -0.000000000000000e+00 0.000000000000000e+00
yras   = 0.000000000000000e+00 9.685831665992737e-01 2.486898601055145e-01
zras   = -0.000000000000000e+00 -2.486898601055145e-01 9.685831665992737e-01
cras   = -1.807250976562500e+00 4.942314147949219e+00 2.750015258789062e+01
dst volume info
valid = 1  # volume info valid
filename = /tmp/sourcedata/freesurfer/sub-LJ002/mri/brainmask.mgz
volume = 256 256 256
voxelsize = 9.999998807907104e-01 9.999999403953552e-01 9.999999403953552e-01
xras   = -1.000000000000000e+00 0.000000000000000e+00 0.000000000000000e+00
yras   = 0.000000000000000e+00 0.000000000000000e+00 -1.000000000000000e+00
zras   = 0.000000000000000e+00 1.000000000000000e+00 0.000000000000000e+00
cras   = -1.222381591796875e-01 3.708641052246094e+00 2.532715606689453e+01
subject sub-LJ002
