# LTA file created by NiTransforms
type      = 1
nxforms   = 1
mean      = 0.0000 0.0000 0.0000
sigma     = 1.0000
1 4 4
9.999997615814210e-01 3.306479484308511e-04 1.210626942338422e-04 -1.654815673828125e-02
-3.305783902760595e-04 9.999997019767761e-01 -5.740821361541749e-04 -8.972167968750000e-03
-1.212524948641658e-04 5.740821361541748e-04 9.999997615814209e-01 -6.938171386718750e-02
0.000000000000000e+00 0.000000000000000e+00 0.000000000000000e+00 1.000000000000000e+00
src volume info
valid = 1  # volume info valid
filename = 
volume = 176 240 256
voxelsize = 9.600000381469727e-01 1.000000000000000e+00 1.000000000000000e+00
xras   = 1.000000000000000e+00 0.000000000000000e+00 0.000000000000000e+00
yras   = 0.000000000000000e+00 9.636770486831665e-01 2.670702338218689e-01
zras   = -0.000000000000000e+00 -2.670702338218689e-01 9.636770486831665e-01
cras   = -1.222381591796875e-01 3.708651542663574e+00 2.532716035842896e+01
dst volume info
valid = 1  # volume info valid
filename = 
volume = 256 256 256
voxelsize = 9.999998807907104e-01 9.999999403953552e-01 9.999999403953552e-01
xras   = -1.000000000000000e+00 0.000000000000000e+00 0.000000000000000e+00
yras   = 0.000000000000000e+00 0.000000000000000e+00 -1.000000000000000e+00
zras   = 0.000000000000000e+00 1.000000000000000e+00 0.000000000000000e+00
cras   = -1.222381591796875e-01 3.708641052246094e+00 2.532715606689453e+01
