# transform file /tmp/work/fmriprep_23_2_wf/sub_LJ001_wf/anat_fit_wf/surface_recon_wf/fsnative2t1w_xfm/T1_robustreg.lta
# created by UNKNOWN on Sun Feb 11 11:40:03 2024

type      = 1 # LINEAR_RAS_TO_RAS
nxforms   = 1
mean      = 129.0000 146.0000 140.0000
sigma     = 10000.0000
1 4 4
9.999998807907104e-01 4.219584516249597e-04 -1.514990290161222e-04 -1.373291015625000e-04 
-4.220601986162364e-04 9.999996423721313e-01 -6.720423698425293e-04 -1.502990722656250e-03 
1.512154121883214e-04 6.721168756484985e-04 9.999998211860657e-01 -7.971191406250000e-02 
0.000000000000000e+00 0.000000000000000e+00 0.000000000000000e+00 1.000000000000000e+00 
src volume info
valid = 1  # volume info valid
filename = /tmp/sourcedata/freesurfer/sub-LJ001/mri/T1.mgz
volume = 256 256 256
voxelsize = 1.000000000000000e+00 1.000000000000000e+00 1.000000000000000e+00
xras   = -1.000000000000000e+00 0.000000000000000e+00 0.000000000000000e+00
yras   = 0.000000000000000e+00 0.000000000000000e+00 -1.000000000000000e+00
zras   = 0.000000000000000e+00 1.000000000000000e+00 0.000000000000000e+00
cras   = 3.165740966796875e-01 2.231811523437500e+00 9.183349609375000e+00
dst volume info
valid = 1  # volume info valid
filename = /tmp/work/fmriprep_23_2_wf/sub_LJ001_wf/anat_fit_wf/anat_template_wf/denoise/mapflow/_denoise0/sub-LJ001_ses-LJ001MR1_acq-mprage_T1w_noise_corrected.nii.gz
volume = 176 256 256
voxelsize = 1.000000000000000e+00 1.000000000000000e+00 1.000000000000000e+00
xras   = 1.000000000000000e+00 0.000000000000000e+00 0.000000000000000e+00
yras   = 0.000000000000000e+00 9.799247384071350e-01 1.993679106235504e-01
zras   = -0.000000000000000e+00 -1.993679106235504e-01 9.799247384071350e-01
cras   = 3.165740966796875e-01 2.231811523437500e+00 9.183349609375000e+00
