# LTA file created by NiTransforms
type      = 1
nxforms   = 1
mean      = 0.0000 0.0000 0.0000
sigma     = 1.0000
1 4 4
9.999998807907104e-01 4.219584516249597e-04 -1.514990290161222e-04 -1.373291015625000e-04
-4.220601986162364e-04 9.999996423721311e-01 -6.720423698425293e-04 -1.502990722656250e-03
1.512154121883214e-04 6.721168756484985e-04 9.999998211860657e-01 -7.971191406249999e-02
0.000000000000000e+00 0.000000000000000e+00 0.000000000000000e+00 1.000000000000000e+00
src volume info
valid = 1  # volume info valid
filename = 
volume = 176 256 256
voxelsize = 1.000000000000000e+00 1.000000000000000e+00 1.000000000000000e+00
xras   = 1.000000000000000e+00 0.000000000000000e+00 0.000000000000000e+00
yras   = 0.000000000000000e+00 9.799247384071350e-01 1.993679106235504e-01
zras   = -0.000000000000000e+00 -1.993679106235504e-01 9.799247384071350e-01
cras   = 3.165740966796875e-01 2.231815338134766e+00 9.183345794677734e+00
dst volume info
valid = 1  # volume info valid
filename = 
volume = 256 256 256
voxelsize = 1.000000000000000e+00 1.000000000000000e+00 1.000000000000000e+00
xras   = -1.000000000000000e+00 0.000000000000000e+00 0.000000000000000e+00
yras   = 0.000000000000000e+00 0.000000000000000e+00 -1.000000000000000e+00
zras   = 0.000000000000000e+00 1.000000000000000e+00 0.000000000000000e+00
cras   = 3.165740966796875e-01 2.231811523437500e+00 9.183349609375000e+00
