# transform file /tmp/work/fmriprep_23_2_wf/sub_LJ002_wf/anat_fit_wf/surface_recon_wf/fsnative2t1w_xfm/T1_robustreg.lta
# created by UNKNOWN on Sat Feb 10 17:12:24 2024

type      = 1 # LINEAR_RAS_TO_RAS
nxforms   = 1
mean      = 129.0000 151.0000 138.0000
sigma     = 10000.0000
1 4 4
9.999997615814209e-01 3.306479484308511e-04 1.210626942338422e-04 -1.654815673828125e-02 
-3.305783902760595e-04 9.999997019767761e-01 -5.740821361541748e-04 -8.972167968750000e-03 
-1.212524948641658e-04 5.740821361541748e-04 9.999997615814209e-01 -6.938171386718750e-02 
0.000000000000000e+00 0.000000000000000e+00 0.000000000000000e+00 1.000000000000000e+00 
src volume info
valid = 1  # volume info valid
filename = /tmp/sourcedata/freesurfer/sub-LJ002/mri/T1.mgz
volume = 256 256 256
voxelsize = 1.000000000000000e+00 1.000000000000000e+00 1.000000000000000e+00
xras   = -9.999998807907104e-01 0.000000000000000e+00 0.000000000000000e+00
yras   = 0.000000000000000e+00 0.000000000000000e+00 -9.999999403953552e-01
zras   = 0.000000000000000e+00 9.999999403953552e-01 0.000000000000000e+00
cras   = -1.222381591796875e-01 3.708641052246094e+00 2.532716369628906e+01
dst volume info
valid = 1  # volume info valid
filename = /tmp/work/fmriprep_23_2_wf/sub_LJ002_wf/anat_fit_wf/anat_template_wf/denoise/mapflow/_denoise0/sub-LJ002_ses-LJ002MR1_acq-mprage_T1w_noise_corrected.nii.gz
volume = 176 240 256
voxelsize = 9.600000381469727e-01 1.000000000000000e+00 1.000000000000000e+00
xras   = 1.000000000000000e+00 0.000000000000000e+00 0.000000000000000e+00
yras   = 0.000000000000000e+00 9.636770486831665e-01 2.670702338218689e-01
zras   = -0.000000000000000e+00 -2.670702338218689e-01 9.636770486831665e-01
cras   = -1.222381591796875e-01 3.708648681640625e+00 2.532716369628906e+01
