# transform file /tmp/sourcedata/freesurfer/sub-LJ002/mri/transforms/cc_up.lta
# created by fmriprep on Sat Feb 10 19:08:20 2024

type      = 0 # LINEAR_VOX_TO_VOX
nxforms   = 1
mean      = 128.0000 132.0000 125.0000
sigma     = 10000.0000
1 4 4
9.948171973228455e-01 -7.742515951395035e-02 6.590816378593445e-02 1.047420978546143e+00 
7.725580036640167e-02 9.969980716705322e-01 5.118314642459154e-03 3.797842025756836e+00 
-6.610661000013351e-02 4.656612317965880e-10 9.978125095367432e-01 2.377493476867676e+01 
0.000000000000000e+00 0.000000000000000e+00 0.000000000000000e+00 1.000000000000000e+00 
src volume info
valid = 1  # volume info valid
filename = /tmp/sourcedata/freesurfer/sub-LJ002/mri/norm.mgz
volume = 256 256 256
voxelsize = 1.000000000000000e+00 1.000000000000000e+00 1.000000000000000e+00
xras   = -9.999998807907104e-01 0.000000000000000e+00 0.000000000000000e+00
yras   = 0.000000000000000e+00 0.000000000000000e+00 -9.999999403953552e-01
zras   = 0.000000000000000e+00 9.999999403953552e-01 0.000000000000000e+00
cras   = -1.222381591796875e-01 3.708641052246094e+00 2.532716369628906e+01
dst volume info
valid = 1  # volume info valid
filename = /tmp/sourcedata/freesurfer/sub-LJ002/mri/norm.mgz
volume = 256 256 256
voxelsize = 1.000000000000000e+00 1.000000000000000e+00 1.000000000000000e+00
xras   = -9.999998807907104e-01 0.000000000000000e+00 0.000000000000000e+00
yras   = 0.000000000000000e+00 0.000000000000000e+00 -9.999999403953552e-01
zras   = 0.000000000000000e+00 9.999999403953552e-01 0.000000000000000e+00
cras   = -1.222381591796875e-01 3.708641052246094e+00 2.532716369628906e+01
