#Insight Transform File V1.0
#Transform 0
Transform: AffineTransform_float_3_3
Parameters: 1 0.000657799 -0.00101746 -0.00065962 0.999999 -0.00101727 0.00101709 0.00101773 0.999999 -0.016842 -0.00507278 0.000322996
FixedParameters: 0 0 0

#Transform 1
Transform: AffineTransform_float_3_3
Parameters: 0.999999 0.000636931 -0.000667496 -0.000637148 1 -0.000162575 0.000667288 0.000163425 1 -0.030258 -0.000667046 -0.00984477
FixedParameters: 0 0 0

#Transform 2
Transform: AffineTransform_float_3_3
Parameters: 1 0.00041749 -0.00095819 -0.000418267 0.999999 -0.000405537 0.000957851 0.000405462 0.999999 -0.0070747 -0.0328255 -0.0155035
FixedParameters: 0 0 0

#Transform 3
Transform: AffineTransform_float_3_3
Parameters: 1 0.0002504 -0.00100924 -0.000251457 1 -0.000523506 0.00100898 0.000524494 1 -0.00684868 -0.0654912 0.00562602
FixedParameters: 0 0 0

#Transform 4
Transform: AffineTransform_float_3_3
Parameters: 1 0.000456738 -0.00106229 -0.000457735 1 -0.000468273 0.00106186 0.000469726 1 -0.0100529 -0.0163465 -0.0318493
FixedParameters: 0 0 0

#Transform 5
Transform: AffineTransform_float_3_3
Parameters: 1 0.000394958 -0.00104627 -0.000395538 1 -0.000277524 0.00104605 0.000277475 0.999999 -0.00816677 -0.0235048 -0.0390084
FixedParameters: 0 0 0

#Transform 6
Transform: AffineTransform_float_3_3
Parameters: 1 0.000282162 -0.00101752 -0.000282652 0.999999 -0.000716472 0.00101686 0.000717528 0.999999 -0.0114521 -0.0346691 -0.0163677
FixedParameters: 0 0 0

#Transform 7
Transform: AffineTransform_float_3_3
Parameters: 1 0.000503905 -0.000947375 -0.00050443 1 -0.000407522 0.000947932 0.000408478 0.999999 -0.0222892 0.0218839 0.00962124
FixedParameters: 0 0 0

#Transform 8
Transform: AffineTransform_float_3_3
Parameters: 1 0.00034446 -0.00103337 -0.000345303 1 -0.000407643 0.00103309 0.000408356 0.999999 -0.00350308 0.0258111 -0.0105093
FixedParameters: 0 0 0

#Transform 9
Transform: AffineTransform_float_3_3
Parameters: 1 0.000414887 -0.00105166 -0.000416288 0.999999 -0.000665322 0.00105111 0.000666677 0.999999 -0.00840679 -0.0110362 -0.00279
FixedParameters: 0 0 0

#Transform 10
Transform: AffineTransform_float_3_3
Parameters: 0.999999 0.000495087 -0.000817886 -0.00049525 1 -9.95949e-05 0.000817787 0.000100405 0.999999 -0.0210759 -0.00252053 0.0160509
FixedParameters: 0 0 0

#Transform 11
Transform: AffineTransform_float_3_3
Parameters: 1 0.00070914 -0.000784177 -0.000709468 0.999999 -0.000208444 0.00078388 0.000209556 0.999999 -0.0114488 0.0382455 -0.0074641
FixedParameters: 0 0 0

#Transform 12
Transform: AffineTransform_float_3_3
Parameters: 0.999999 0.000370127 -0.000733219 -0.000370499 1 -0.000253728 0.000733031 0.000254271 0.999999 -0.010254 -0.0308442 -0.000160171
FixedParameters: 0 0 0

#Transform 13
Transform: AffineTransform_float_3_3
Parameters: 0.999999 0.000553748 -0.000452951 -0.000553761 1 -1.47492e-05 0.000452935 1.52508e-05 1 -0.0190039 -0.0165615 0.0178984
FixedParameters: 0 0 0

#Transform 14
Transform: AffineTransform_float_3_3
Parameters: 1 0.00035147 -0.00050851 -0.000351748 1 -0.000272821 0.000508318 0.000273179 1 -0.00622448 0.0195383 -0.0116444
FixedParameters: 0 0 0

#Transform 15
Transform: AffineTransform_float_3_3
Parameters: 1 0.000321901 -0.000567053 -0.000322364 1 -0.000407817 0.00056679 0.000408182 1 -0.00749057 -0.0418143 0.00020914
FixedParameters: 0 0 0

#Transform 16
Transform: AffineTransform_float_3_3
Parameters: 1 0.00019895 -0.000290634 -0.000199007 1 -9.78803e-05 0.000290595 9.71197e-05 1 -0.0137636 -0.00456704 0.0174174
FixedParameters: 0 0 0

#Transform 17
Transform: AffineTransform_float_3_3
Parameters: 1 0.000327038 -0.000547591 -0.000327174 1 -0.000123821 0.00054751 0.000124179 1 0.00047639 0.010899 -0.0181639
FixedParameters: 0 0 0

#Transform 18
Transform: AffineTransform_float_3_3
Parameters: 1 0.00010931 -0.000322292 -0.000109249 1 9.50352e-05 0.000322313 -9.49648e-05 1 -0.00375984 -0.0543502 0.00888714
FixedParameters: 0 0 0

#Transform 19
Transform: AffineTransform_float_3_3
Parameters: 1 7.25761e-05 9.25833e-06 -7.25805e-05 1 0.000240999 -9.22334e-06 -0.000241001 1 -0.0134593 -0.0208868 0.0114633
FixedParameters: 0 0 0

#Transform 20
Transform: AffineTransform_float_3_3
Parameters: 1 2.41504e-05 2.16739e-05 -2.41478e-05 1 -6.00005e-05 -2.16768e-05 5.99995e-05 1 0.00381889 0.00707616 -0.00276286
FixedParameters: 0 0 0

#Transform 21
Transform: AffineTransform_float_3_3
Parameters: 1 4.53803e-05 0.000116369 -4.53523e-05 1 -0.000120005 -0.000116379 0.000119995 1 -0.00533372 -0.0460968 0.0125637
FixedParameters: 0 0 0

#Transform 22
Transform: AffineTransform_float_3_3
Parameters: 1 9.37946e-05 0.000305268 -9.3927e-05 1 0.000216971 -0.000305227 -0.000217029 1 -0.0135455 -0.0538906 0.0311569
FixedParameters: 0 0 0

#Transform 23
Transform: AffineTransform_float_3_3
Parameters: 1 2.12429e-05 2.24219e-05 -2.12439e-05 1 2.29995e-05 -2.24209e-05 -2.30005e-05 1 0.00383625 0.0100906 0.00591966
FixedParameters: 0 0 0

#Transform 24
Transform: AffineTransform_float_3_3
Parameters: 1 3.29109e-05 6.79549e-05 -3.29527e-05 1 0.000306998 -6.79347e-05 -0.000307002 1 -0.00676077 -0.0658459 0.00201221
FixedParameters: 0 0 0

#Transform 25
Transform: AffineTransform_float_3_3
Parameters: 1 -0.000112272 0.000170191 0.000112099 1 0.000506019 -0.000170305 -0.000505981 1 -0.0160261 -0.0759124 0.0365012
FixedParameters: 0 0 0

#Transform 26
Transform: AffineTransform_float_3_3
Parameters: 1 4.85575e-05 0.000128981 -4.8641e-05 1 0.000323994 -0.00012895 -0.000324006 1 -0.0119398 -0.0090031 0.0192691
FixedParameters: 0 0 0

#Transform 27
Transform: AffineTransform_float_3_3
Parameters: 1 2.14815e-05 2.33997e-05 -2.15026e-05 1 0.000450999 -2.33803e-05 -0.000451 1 0.00378432 -0.0484455 0.0156507
FixedParameters: 0 0 0

#Transform 28
Transform: AffineTransform_float_3_3
Parameters: 1 2.14825e-05 2.33988e-05 -2.15016e-05 1 0.000409999 -2.33812e-05 -0.00041 1 -0.00787479 -0.076015 0.0363027
FixedParameters: 0 0 0

#Transform 29
Transform: AffineTransform_float_3_3
Parameters: 1 -5.40726e-05 4.27686e-05 5.40423e-05 1 0.000354002 -4.28069e-05 -0.000353998 1 -0.00222094 -0.00530855 0.0142262
FixedParameters: 0 0 0

#Transform 30
Transform: AffineTransform_float_3_3
Parameters: 1 4.45351e-05 0.000113502 -4.47053e-05 0.999999 0.000749995 -0.000113435 -0.000750005 0.999999 -0.00434194 -0.0449276 0.0126109
FixedParameters: 0 0 0

#Transform 31
Transform: AffineTransform_float_3_3
Parameters: 1 2.14814e-05 2.33998e-05 -2.15027e-05 1 0.000455999 -2.33802e-05 -0.000456 1 -0.00853071 -0.0752161 0.0392156
FixedParameters: 0 0 0

#Transform 32
Transform: AffineTransform_float_3_3
Parameters: 1 -6.00318e-05 0.000446857 6.0413e-05 1 0.000657027 -0.000447185 -0.000656973 0.999999 -0.0321808 -0.0559312 0.0331847
FixedParameters: 0 0 0

#Transform 33
Transform: AffineTransform_float_3_3
Parameters: 1 -0.000174744 -0.000101806 0.000174836 1 0.000450982 0.000101649 -0.000451018 1 0.00822926 -0.024403 0.0163553
FixedParameters: 0 0 0

#Transform 34
Transform: AffineTransform_float_3_3
Parameters: 1 -0.000105758 -1.81805e-06 0.00010576 1 0.000606 1.68987e-06 -0.000606 1 -0.00751163 -0.0649528 0.0217042
FixedParameters: 0 0 0

#Transform 35
Transform: AffineTransform_float_3_3
Parameters: 1 -0.000117065 5.88538e-05 0.000116965 0.999999 0.000844006 -5.90513e-05 -0.000843992 0.999999 -0.0134428 -0.0862734 0.0444348
FixedParameters: 0 0 0

#Transform 36
Transform: AffineTransform_float_3_3
Parameters: 1 8.23155e-05 0.000260726 -8.25266e-05 1 0.000404978 -0.000260659 -0.000405021 1 -0.0120762 -0.0325807 0.0142815
FixedParameters: 0 0 0

#Transform 37
Transform: AffineTransform_float_3_3
Parameters: 1 2.14794e-05 2.34016e-05 -2.15048e-05 1 0.000542999 -2.33783e-05 -0.000543 1 -0.00721184 -0.084446 -0.000807344
FixedParameters: 0 0 0

#Transform 38
Transform: AffineTransform_float_3_3
Parameters: 1 -0.000564633 -0.000201057 0.000564761 1 0.000318886 0.000200696 -0.000319113 1 -0.00357634 -0.112239 0.0420669
FixedParameters: 0 0 0

#Transform 39
Transform: AffineTransform_float_3_3
Parameters: 1 -0.000102421 7.16588e-05 0.000102343 1 0.000543007 -7.17699e-05 -0.000542992 1 -0.015277 -0.0509778 0.026854
FixedParameters: 0 0 0

#Transform 40
Transform: AffineTransform_float_3_3
Parameters: 1 -0.00024069 6.78533e-05 0.000240617 1 0.000543016 -6.81146e-05 -0.000542983 1 -0.00313464 -0.0634696 0.0300466
FixedParameters: 0 0 0

#Transform 41
Transform: AffineTransform_float_3_3
Parameters: 1 -0.00019856 0.0002448 0.000198035 1 0.00107205 -0.000245225 -0.00107195 1 -0.0182651 -0.107732 0.0629071
FixedParameters: 0 0 0

#Transform 42
Transform: AffineTransform_float_3_3
Parameters: 1 -0.000197157 0.00010501 0.000196846 0.999999 0.00147502 -0.000105591 -0.00147498 0.999999 -0.0202141 -0.049878 0.0476143
FixedParameters: 0 0 0

#Transform 43
Transform: AffineTransform_float_3_3
Parameters: 1 -0.000194195 0.000343573 0.000194117 0.999998 0.00188507 -0.000343585 -0.00188493 0.999998 -0.0278816 -0.0986727 0.0281664
FixedParameters: 0 0 0

#Transform 44
Transform: AffineTransform_float_3_3
Parameters: 1 -0.000336445 0.000348674 0.000336053 0.999998 0.00230612 -0.000349505 -0.00230588 0.999998 -0.0384257 -0.160497 0.053428
FixedParameters: 0 0 0

#Transform 45
Transform: AffineTransform_float_3_3
Parameters: 1 -0.000291613 0.000590039 0.000290021 0.999997 0.00237917 -0.000590702 -0.00237883 0.999997 -0.0448512 -0.0935582 0.0408988
FixedParameters: 0 0 0

#Transform 46
Transform: AffineTransform_float_3_3
Parameters: 0.999999 -0.000254849 0.00079712 0.000253329 0.999995 0.0029302 -0.000798386 -0.00292979 0.999995 -0.0337005 -0.123446 0.0258916
FixedParameters: 0 0 0

#Transform 47
Transform: AffineTransform_float_3_3
Parameters: 0.999999 -0.000335544 0.000698037 0.000333001 0.999997 0.00269123 -0.000699116 -0.00269077 0.999996 -0.0284303 -0.173093 0.0614332
FixedParameters: 0 0 0

#Transform 48
Transform: AffineTransform_float_3_3
Parameters: 0.999999 -0.000294806 0.000858893 0.000292141 0.999996 0.00282225 -0.000860078 -0.00282175 0.999995 -0.0385245 -0.117423 0.0659952
FixedParameters: 0 0 0

#Transform 49
Transform: AffineTransform_float_3_3
Parameters: 0.999999 -0.000144701 0.000852785 0.000142066 0.999996 0.00282612 -0.000853124 -0.00282588 0.999995 -0.0360128 -0.118801 0.0280851
FixedParameters: 0 0 0

#Transform 50
Transform: AffineTransform_float_3_3
Parameters: 0.999999 -0.000304166 0.000822055 0.000301933 0.999996 0.00283825 -0.000822336 -0.00283775 0.999995 -0.0337824 -0.156508 0.0515316
FixedParameters: 0 0 0

#Transform 51
Transform: AffineTransform_float_3_3
Parameters: 0.999999 -0.000211524 0.00087207 0.00020985 0.999998 0.00221225 -0.000872532 -0.00221276 0.999998 -0.0312483 -0.141513 0.0645311
FixedParameters: 0 0 0

#Transform 52
Transform: AffineTransform_float_3_3
Parameters: 0.999999 -0.000188671 0.000824868 0.000186734 0.999997 0.00249815 -0.000825335 -0.00249784 0.999996 -0.0341912 -0.102354 0.0452894
FixedParameters: 0 0 0

#Transform 53
Transform: AffineTransform_float_3_3
Parameters: 0.999999 -0.000100036 0.000849723 9.75172e-05 0.999996 0.00276808 -0.000849799 -0.00276792 0.999996 -0.0335091 -0.135683 0.0399931
FixedParameters: 0 0 0

#Transform 54
Transform: AffineTransform_float_3_3
Parameters: 1 -0.000358531 0.000607012 0.000356768 0.999997 0.00245322 -0.000608047 -0.00245278 0.999997 -0.0326392 -0.158634 0.0688224
FixedParameters: 0 0 0

#Transform 55
Transform: AffineTransform_float_3_3
Parameters: 0.999999 -0.000127098 0.00090926 0.000124512 0.999997 0.00262412 -0.000909449 -0.00262389 0.999996 -0.0398788 -0.110028 0.0568372
FixedParameters: 0 0 0

#Transform 56
Transform: AffineTransform_float_3_3
Parameters: 1 -4.07324e-05 0.00109473 3.826e-05 0.999996 0.00257028 -0.00109471 -0.00256972 0.999996 -0.0416176 -0.126152 0.0276601
FixedParameters: 0 0 0

#Transform 57
Transform: AffineTransform_float_3_3
Parameters: 1 -0.000246128 0.00104898 0.000243334 0.999997 0.00237326 -0.00104967 -0.00237274 0.999996 -0.0401718 -0.171949 0.0385912
FixedParameters: 0 0 0

#Transform 58
Transform: AffineTransform_float_3_3
Parameters: 1 -0.000195397 0.001028 0.000192469 0.999998 0.00201644 -0.00102806 -0.00201556 0.999998 -0.0445192 -0.144452 0.0661335
FixedParameters: 0 0 0

#Transform 59
Transform: AffineTransform_float_3_3
Parameters: 1 -0.000223968 0.00113713 0.000221201 0.999997 0.00260232 -0.00113806 -0.00260269 0.999996 -0.0452856 -0.135844 0.0316912
FixedParameters: 0 0 0

#Transform 60
Transform: AffineTransform_float_3_3
Parameters: 0.999999 -0.000190445 0.00126708 0.000187106 0.999997 0.00218048 -0.00126744 -0.00217952 0.999997 -0.04322 -0.152787 0.016203
FixedParameters: 0 0 0

#Transform 61
Transform: AffineTransform_float_3_3
Parameters: 0.999999 -0.000409507 0.000921381 0.000407796 0.999998 0.00224944 -0.00092178 -0.00224956 0.999997 -0.0346366 -0.197299 0.0293392
FixedParameters: 0 0 0

#Transform 62
Transform: AffineTransform_float_3_3
Parameters: 1 -0.000236188 0.0010896 0.000233352 0.999996 0.00274826 -0.00109067 -0.00274774 0.999995 -0.0443281 -0.154633 0.0395819
FixedParameters: 0 0 0

#Transform 63
Transform: AffineTransform_float_3_3
Parameters: 1 -0.000252095 0.0010248 0.000249802 0.999998 0.00218526 -0.00102543 -0.00218474 0.999997 -0.0372441 -0.166409 -0.00705136
FixedParameters: 0 0 0

#Transform 64
Transform: AffineTransform_float_3_3
Parameters: 0.999999 -0.000308204 0.000804758 0.000306598 0.999997 0.00235431 -0.000805734 -0.00235469 0.999997 -0.0316237 -0.18883 0.0164312
FixedParameters: 0 0 0

#Transform 65
Transform: AffineTransform_float_3_3
Parameters: 1 -0.000179924 0.000992008 0.000177838 0.999997 0.00215248 -0.000992307 -0.00215252 0.999998 -0.037126 -0.174968 0.0481945
FixedParameters: 0 0 0

#Transform 66
Transform: AffineTransform_float_3_3
Parameters: 0.999999 -0.000307752 0.000804931 0.000306082 0.999999 0.00179325 -0.000805311 -0.00179275 0.999998 -0.0316795 -0.149342 -0.000642993
FixedParameters: 0 0 0

#Transform 67
Transform: AffineTransform_float_3_3
Parameters: 0.999999 -0.000270826 0.000951151 0.000268872 0.999998 0.00217532 -0.000951853 -0.00217568 0.999998 -0.0320672 -0.185946 0.00898471
FixedParameters: 0 0 0

#Transform 68
Transform: AffineTransform_float_3_3
Parameters: 1 -0.000285295 0.000893998 0.000283748 0.999998 0.0020875 -0.000894715 -0.00208651 0.999998 -0.0316922 -0.218123 0.0547397
FixedParameters: 0 0 0

#Transform 69
Transform: AffineTransform_float_3_3
Parameters: 0.999999 -0.00029252 0.00086587 0.000290947 0.999997 0.00216956 -0.000866664 -0.00216944 0.999998 -0.0333458 -0.16618 0.022837
FixedParameters: 0 0 0

#Transform 70
Transform: AffineTransform_float_3_3
Parameters: 1 -0.000240929 0.00106934 0.000238088 0.999997 0.00235026 -0.00107 -0.00234974 0.999996 -0.0388034 -0.194442 0.00325009
FixedParameters: 0 0 0

#Transform 71
Transform: AffineTransform_float_3_3
Parameters: 0.999999 -0.000337807 0.00068929 0.000335214 0.999996 0.00276123 -0.000690428 -0.00276077 0.999996 -0.0240919 -0.231589 0.0363112
FixedParameters: 0 0 0

#Transform 72
Transform: AffineTransform_float_3_3
Parameters: 0.999999 -0.000486304 0.000639648 0.000484951 0.999998 0.00220231 -0.000640098 -0.00220169 0.999998 -0.0262715 -0.217133 0.0726654
FixedParameters: 0 0 0

#Transform 73
Transform: AffineTransform_float_3_3
Parameters: 1 -0.000350841 0.000970292 0.000348201 0.999997 0.00248534 -0.000971558 -0.00248466 0.999996 -0.0355236 -0.176446 0.0204412
FixedParameters: 0 0 0

#Transform 74
Transform: AffineTransform_float_3_3
Parameters: 0.999999 -0.000682307 0.00108168 0.000680124 0.999998 0.00213374 -0.00108315 -0.00213226 0.999997 -0.0363284 -0.208786 0.0126322
FixedParameters: 0 0 0

#Transform 75
Transform: AffineTransform_float_3_3
Parameters: 0.999999 -0.000376903 0.000611719 0.000375202 0.999997 0.00238329 -0.000612792 -0.00238371 0.999997 -0.0262677 -0.21562 0.0538115
FixedParameters: 0 0 0

#Transform 76
Transform: AffineTransform_float_3_3
Parameters: 0.999999 -0.000407323 0.000748301 0.000405869 0.999997 0.00259731 -0.000748973 -0.0025967 0.999997 -0.0296196 -0.167884 0.0050479
FixedParameters: 0 0 0

#Transform 77
Transform: AffineTransform_float_3_3
Parameters: 1 -0.000460668 0.000982371 0.000457237 0.999996 0.00298351 -0.000983669 -0.00298349 0.999995 -0.0351353 -0.224765 0.015713
FixedParameters: 0 0 0

#Transform 78
Transform: AffineTransform_float_3_3
Parameters: 0.999999 -0.000437718 0.000735978 0.00043529 0.999995 0.00330039 -0.00073742 -0.00330062 0.999995 -0.0350685 -0.238852 0.0609763
FixedParameters: 0 0 0

#Transform 79
Transform: AffineTransform_float_3_3
Parameters: 0.999999 -0.000290756 0.000824439 0.000286924 0.999994 0.00364624 -0.000826075 -0.00364576 0.999993 -0.0323071 -0.204252 0.0224569
FixedParameters: 0 0 0

#Transform 80
Transform: AffineTransform_float_3_3
Parameters: 0.999999 -0.000324726 0.000721815 0.00032242 0.999994 0.00328229 -0.000722499 -0.0032827 0.999994 -0.0294232 -0.238463 0.0281553
FixedParameters: 0 0 0

#Transform 81
Transform: AffineTransform_float_3_3
Parameters: 0.999999 -0.000268926 0.00073537 0.000265744 0.999994 0.0036462 -0.000736848 -0.0036458 0.999993 -0.0301886 -0.229685 0.0640809
FixedParameters: 0 0 0

#Transform 82
Transform: AffineTransform_float_3_3
Parameters: 0.999999 -0.000227873 0.000848766 0.000224833 0.999994 0.00364619 -0.000850194 -0.00364581 0.999993 -0.0334225 -0.208666 0.0175719
FixedParameters: 0 0 0

#Transform 83
Transform: AffineTransform_float_3_3
Parameters: 0.999999 -0.000345443 0.000705361 0.000343143 0.999995 0.00335424 -0.000706231 -0.00335376 0.999994 -0.0288579 -0.21566 0.0105273
FixedParameters: 0 0 0

#Transform 84
Transform: AffineTransform_float_3_3
Parameters: 1 -0.000399318 0.000566234 0.000397747 0.999993 0.00353322 -0.00056761 -0.00353277 0.999993 -0.0250015 -0.253351 0.0286338
FixedParameters: 0 0 0

#Transform 85
Transform: AffineTransform_float_3_3
Parameters: 0.999999 -0.00038513 0.000814265 0.000381622 0.999994 0.00364631 -0.000815621 -0.00364569 0.999993 -0.043353 -0.181188 0.0280836
FixedParameters: 0 0 0

#Transform 86
Transform: AffineTransform_float_3_3
Parameters: 0.999999 -0.000688846 0.00106126 0.000684748 0.999993 0.00364679 -0.00106411 -0.00364621 0.999993 -0.0358366 -0.201125 0.0108702
FixedParameters: 0 0 0

#Transform 87
Transform: AffineTransform_float_3_3
Parameters: 0.999999 -0.00082227 0.00109537 0.000817685 0.999994 0.00331396 -0.00109839 -0.00331304 0.999994 -0.0444098 -0.261287 0.0360717
FixedParameters: 0 0 0

#Transform 88
Transform: AffineTransform_float_3_3
Parameters: 0.999999 -0.000689366 0.00106092 0.000685447 0.999991 0.00413679 -0.00106373 -0.00413621 0.999991 -0.0502796 -0.208325 0.0353601
FixedParameters: 0 0 0

#Transform 89
Transform: AffineTransform_float_3_3
Parameters: 0.999999 -0.000889485 0.00111102 0.000884633 0.99999 0.00447881 -0.00111512 -0.00447819 0.999989 -0.050027 -0.228283 0.021499
FixedParameters: 0 0 0

#Transform 90
Transform: AffineTransform_float_3_3
Parameters: 0.999999 -0.00108761 0.000737518 0.00108465 0.99999 0.00415087 -0.000742189 -0.00415013 0.999991 -0.0249613 -0.29696 0.0578143
FixedParameters: 0 0 0

#Transform 91
Transform: AffineTransform_float_3_3
Parameters: 0.999999 -0.00106787 0.000819413 0.00106455 0.999992 0.00396064 -0.000823512 -0.00395937 0.999992 -0.0457859 -0.237862 0.0424794
FixedParameters: 0 0 0

#Transform 92
Transform: AffineTransform_float_3_3
Parameters: 0.999998 -0.00109683 0.00122445 0.0010918 0.999991 0.00423816 -0.00122891 -0.00423684 0.99999 -0.0537206 -0.232918 0.0194701
FixedParameters: 0 0 0

#Transform 93
Transform: AffineTransform_float_3_3
Parameters: 0.999999 -0.00118158 0.000888159 0.00117771 0.999991 0.00409911 -0.000892514 -0.00409789 0.999992 -0.0379781 -0.27008 0.0232286
FixedParameters: 0 0 0

#Transform 94
Transform: AffineTransform_float_3_3
Parameters: 0.999999 -0.00121015 0.000775394 0.00120683 0.99999 0.00433994 -0.000780568 -0.00433806 0.999991 -0.0461237 -0.261362 0.0841496
FixedParameters: 0 0 0

#Transform 95
Transform: AffineTransform_float_3_3
Parameters: 0.999999 -0.00122901 0.000700125 0.00122676 0.999991 0.00404362 -0.00070474 -0.00404238 0.999991 -0.0402002 -0.197105 0.0370106
FixedParameters: 0 0 0

#Transform 96
Transform: AffineTransform_float_3_3
Parameters: 0.999999 -0.00103255 0.00092209 0.00102943 0.999992 0.00379777 -0.000926792 -0.00379722 0.999992 -0.0407524 -0.222408 0.0390671
FixedParameters: 0 0 0

#Transform 97
Transform: AffineTransform_float_3_3
Parameters: 0.999999 -0.00117209 0.000924585 0.00116855 0.999993 0.00362891 -0.000928732 -0.0036281 0.999993 -0.0375135 -0.245817 0.0708481
FixedParameters: 0 0 0

#Transform 98
Transform: AffineTransform_float_3_3
Parameters: 0.999998 -0.00111019 0.00116827 0.00110632 0.999994 0.00331836 -0.00117249 -0.00331664 0.999994 -0.0491531 -0.185753 0.0654455
FixedParameters: 0 0 0

#Transform 99
Transform: AffineTransform_float_3_3
Parameters: 0.999999 -0.000863864 0.00110599 0.000860357 0.999995 0.00323202 -0.00110941 -0.00323098 0.999995 -0.0458518 -0.195005 0.0501999
FixedParameters: 0 0 0

#Transform 100
Transform: AffineTransform_float_3_3
Parameters: 0.999998 -0.0011103 0.00116816 0.00110621 0.999994 0.00341612 -0.0011726 -0.00341488 0.999993 -0.0435307 -0.225674 0.0510706
FixedParameters: 0 0 0

#Transform 101
Transform: AffineTransform_float_3_3
Parameters: 0.999999 -0.00129376 0.00121429 0.00128913 0.999993 0.00360839 -0.00121951 -0.00360661 0.999993 -0.035785 -0.257586 0.0912601
FixedParameters: 0 0 0

#Transform 102
Transform: AffineTransform_float_3_3
Parameters: 0.999999 -0.00127368 0.00120885 0.00126878 0.999992 0.00384036 -0.00121354 -0.00383864 0.999992 -0.033394 -0.213446 0.0760815
FixedParameters: 0 0 0

#Transform 103
Transform: AffineTransform_float_3_3
Parameters: 0.999998 -0.0011108 0.00116769 0.00110596 0.999992 0.00384036 -0.0011721 -0.00383864 0.999992 -0.0282734 -0.235026 0.057866
FixedParameters: 0 0 0

#Transform 104
Transform: AffineTransform_float_3_3
Parameters: 0.999998 -0.00152845 0.00117147 0.00152332 0.999992 0.00364161 -0.00117726 -0.00363939 0.999993 -0.0110003 -0.262438 0.06719
FixedParameters: 0 0 0

#Transform 105
Transform: AffineTransform_float_3_3
Parameters: 0.999999 -0.0013656 0.00123233 0.00136089 0.999992 0.0036875 -0.00123731 -0.00368549 0.999992 -0.0358193 -0.260284 0.0971173
FixedParameters: 0 0 0

#Transform 106
Transform: AffineTransform_float_3_3
Parameters: 0.999998 -0.00122229 0.00119586 0.00121724 0.999992 0.00384052 -0.00120113 -0.00383847 0.999992 -0.0281087 -0.210679 0.0524895
FixedParameters: 0 0 0

#Transform 107
Transform: AffineTransform_float_3_3
Parameters: 0.999999 -0.00133693 0.00122452 0.00133144 0.99999 0.00402652 -0.0012302 -0.00402548 0.999991 -0.0222432 -0.24008 0.0527727
FixedParameters: 0 0 0

#Transform 108
Transform: AffineTransform_float_3_3
Parameters: 0.999998 -0.00150419 0.00126743 0.00149931 0.999992 0.00365079 -0.00127333 -0.00364921 0.999993 -0.0263295 -0.270385 0.0866479
FixedParameters: 0 0 0

#Transform 109
Transform: AffineTransform_float_3_3
Parameters: 0.999998 -0.00123043 0.00144055 0.00122517 0.999992 0.00368165 -0.00144478 -0.00368034 0.999992 -0.0420891 -0.208241 0.0647916
FixedParameters: 0 0 0

#Transform 110
Transform: AffineTransform_float_3_3
Parameters: 0.999998 -0.00124491 0.00146332 0.00124022 0.999994 0.0033477 -0.00146779 -0.0033463 0.999993 -0.0425996 -0.231397 0.0416726
FixedParameters: 0 0 0

#Transform 111
Transform: AffineTransform_float_3_3
Parameters: 0.999998 -0.0015039 0.00126777 0.00149959 0.999992 0.00342779 -0.001273 -0.00342621 0.999993 -0.032144 -0.254032 0.0505345
FixedParameters: 0 0 0

#Transform 112
Transform: AffineTransform_float_3_3
Parameters: 0.999998 -0.00131899 0.00137059 0.00131503 0.999993 0.00339769 -0.00137472 -0.00339631 0.999993 -0.0396671 -0.247896 0.0781198
FixedParameters: 0 0 0

#Transform 113
Transform: AffineTransform_float_3_3
Parameters: 0.999999 -0.00114828 0.00142697 0.0011428 0.999992 0.00370652 -0.00143161 -0.00370548 0.999992 -0.042241 -0.208435 0.0432897
FixedParameters: 0 0 0

#Transform 114
Transform: AffineTransform_float_3_3
Parameters: 0.999998 -0.00117565 0.00173342 0.00116878 0.999993 0.00345316 -0.00173766 -0.00345084 0.999993 -0.0499415 -0.222753 0.0282717
FixedParameters: 0 0 0

#Transform 115
Transform: AffineTransform_float_3_3
Parameters: 0.999998 -0.00150443 0.00126715 0.00149932 0.999991 0.00384079 -0.00127265 -0.00383921 0.999992 -0.0358274 -0.284278 0.0664263
FixedParameters: 0 0 0

#Transform 116
Transform: AffineTransform_float_3_3
Parameters: 0.999998 -0.00106782 0.00161741 0.00106271 0.999994 0.00345779 -0.00162118 -0.00345521 0.999993 -0.0476566 -0.184574 0.0630587
FixedParameters: 0 0 0

#Transform 117
Transform: AffineTransform_float_3_3
Parameters: 0.999998 -0.00102692 0.00138078 0.00102173 0.999993 0.00372854 -0.00138457 -0.00372746 0.999993 -0.047461 -0.206707 0.041721
FixedParameters: 0 0 0

#Transform 118
Transform: AffineTransform_float_3_3
Parameters: 0.999999 -0.00125196 0.00131899 0.00124738 0.999992 0.00376671 -0.00132359 -0.00376429 0.999992 -0.0427626 -0.253571 0.052773
FixedParameters: 0 0 0

#Transform 119
Transform: AffineTransform_float_3_3
Parameters: 0.999998 -0.00150421 0.0012674 0.00149929 0.999992 0.00367073 -0.00127336 -0.00366827 0.999992 -0.035933 -0.23269 0.0473909
FixedParameters: 0 0 0

#Transform 120
Transform: AffineTransform_float_3_3
Parameters: 0.999998 -0.00147454 0.00138543 0.00146853 0.999992 0.00384093 -0.0013907 -0.00383908 0.999992 -0.0391888 -0.230386 0.0162632
FixedParameters: 0 0 0

#Transform 121
Transform: AffineTransform_float_3_3
Parameters: 0.999998 -0.00150403 0.00126762 0.00149947 0.999993 0.00352873 -0.00127315 -0.00352627 0.999993 -0.0359466 -0.228628 0.0360115
FixedParameters: 0 0 0

#Transform 122
Transform: AffineTransform_float_3_3
Parameters: 0.999998 -0.00150433 0.00126726 0.00149917 0.999992 0.00376449 -0.0012735 -0.00376251 0.999992 -0.0433948 -0.242669 0.0633182
FixedParameters: 0 0 0

#Transform 123
Transform: AffineTransform_float_3_3
Parameters: 0.999999 -0.00134736 0.00122746 0.00134232 0.999992 0.00384048 -0.00123272 -0.00383853 0.999992 -0.0410395 -0.220748 0.0194101
FixedParameters: 0 0 0

#Transform 124
Transform: AffineTransform_float_3_3
Parameters: 0.999997 -0.00172885 0.00132464 0.00172432 0.999993 0.00345587 -0.00133054 -0.00345313 0.999993 -0.0455633 -0.238469 0.0278463
FixedParameters: 0 0 0

#Transform 125
Transform: AffineTransform_float_3_3
Parameters: 0.999998 -0.00189405 0.00136739 0.00188916 0.999994 0.00303823 -0.00137357 -0.00303576 0.999995 -0.0429646 -0.257421 0.0621311
FixedParameters: 0 0 0

#Transform 126
Transform: AffineTransform_float_3_3
Parameters: 0.999998 -0.00189422 0.00136715 0.00188923 0.999993 0.00316423 -0.00137284 -0.00316176 0.999994 -0.0477921 -0.197878 0.0337577
FixedParameters: 0 0 0

#Transform 127
Transform: AffineTransform_float_3_3
Parameters: 0.999997 -0.00169179 0.0013171 0.00168824 0.999995 0.00255111 -0.00132137 -0.00254889 0.999996 -0.0513243 -0.22025 0.00772278
FixedParameters: 0 0 0

#Transform 128
Transform: AffineTransform_float_3_3
Parameters: 0.999998 -0.0015671 0.00128492 0.00156303 0.999995 0.00281766 -0.00128939 -0.00281634 0.999995 -0.0553623 -0.21831 0.0247788
FixedParameters: 0 0 0

#Transform 129
Transform: AffineTransform_float_3_3
Parameters: 0.999998 -0.00169914 0.0015193 0.00169482 0.999995 0.00246846 -0.00152333 -0.00246554 0.999996 -0.0497348 -0.220847 0.0778679
FixedParameters: 0 0 0

#Transform 130
Transform: AffineTransform_float_3_3
Parameters: 0.999998 -0.00142339 0.00149238 0.00141987 0.999996 0.00256801 -0.00149558 -0.00256599 0.999996 -0.0713627 -0.164709 0.0354692
FixedParameters: 0 0 0

#Transform 131
Transform: AffineTransform_float_3_3
Parameters: 0.999998 -0.00146077 0.00125753 0.00145628 0.999994 0.00304566 -0.00126207 -0.00304334 0.999994 -0.054196 -0.214506 0.033484
FixedParameters: 0 0 0

#Transform 132
Transform: AffineTransform_float_3_3
Parameters: 0.999997 -0.00150901 0.00155407 0.00150468 0.999995 0.00272423 -0.00155818 -0.00272177 0.999995 -0.0512676 -0.23429 -0.0454431
FixedParameters: 0 0 0

#Transform 133
Transform: AffineTransform_float_3_3
Parameters: 0.999998 -0.00124066 0.00120182 0.00123737 0.999995 0.00298931 -0.00120609 -0.00298769 0.999995 -0.0555565 -0.211247 0.034753
FixedParameters: 0 0 0

#Transform 134
Transform: AffineTransform_float_3_3
Parameters: 0.999999 -0.00118393 0.00142082 0.00117976 0.999995 0.00283681 -0.00142439 -0.0028352 0.999995 -0.0545898 -0.155387 0.00408828
FixedParameters: 0 0 0

#Transform 135
Transform: AffineTransform_float_3_3
Parameters: 0.999998 -0.00107049 0.00165048 0.0010669 0.999996 0.00248389 -0.00165388 -0.00248211 0.999996 -0.0486774 -0.165415 0.000461832
FixedParameters: 0 0 0

#Transform 136
Transform: AffineTransform_float_3_3
Parameters: 0.999999 -0.000996313 0.00102826 0.000994243 0.999996 0.00230909 -0.00103045 -0.00230791 0.999997 -0.0331655 -0.185806 0.0165338
FixedParameters: 0 0 0

#Transform 137
Transform: AffineTransform_float_3_3
Parameters: 0.999999 -0.000935119 0.00112561 0.000933174 0.999998 0.00194387 -0.00112781 -0.00194313 0.999997 -0.0507388 -0.168093 0.0466654
FixedParameters: 0 0 0

#Transform 138
Transform: AffineTransform_float_3_3
Parameters: 0.999999 -0.00106986 0.00105387 0.00106856 0.999997 0.00177319 -0.00105622 -0.00177181 0.999998 -0.0468629 -0.144191 -0.00228956
FixedParameters: 0 0 0

#Transform 139
Transform: AffineTransform_float_3_3
Parameters: 0.999999 -0.000963384 0.00113264 0.000960118 0.999997 0.00208721 -0.00113496 -0.00208679 0.999998 -0.052051 -0.188595 0.00180919
FixedParameters: 0 0 0

#Transform 140
Transform: AffineTransform_float_3_3
Parameters: 0.999999 -0.000874903 0.000985367 0.000872449 0.999998 0.00198768 -0.000987151 -0.00198732 0.999997 -0.0556908 -0.189775 0.00480127
FixedParameters: 0 0 0

#Transform 141
Transform: AffineTransform_float_3_3
Parameters: 0.999999 -0.00097758 0.000792126 0.000976446 0.999998 0.00163953 -0.00079364 -0.00163847 0.999998 -0.0662161 -0.206709 0.0385965
FixedParameters: 0 0 0

#Transform 142
Transform: AffineTransform_float_3_3
Parameters: 0.999999 -0.000859967 0.000982768 0.000857829 0.999998 0.00183291 -0.000984227 -0.00183209 0.999998 -0.0718849 -0.158885 0.0167629
FixedParameters: 0 0 0

#Transform 143
Transform: AffineTransform_float_3_3
Parameters: 1 -0.000915564 0.000683355 0.000914692 0.999998 0.00170963 -0.000684795 -0.00170837 0.999999 -0.0607052 -0.16151 -0.00645845
FixedParameters: 0 0 0

#Transform 144
Transform: AffineTransform_float_3_3
Parameters: 1 -0.000948731 0.000691454 0.00094739 0.999998 0.00202648 -0.000693608 -0.00202652 0.999998 -0.052921 -0.190587 -0.00543999
FixedParameters: 0 0 0

#Transform 145
Transform: AffineTransform_float_3_3
Parameters: 1 -0.00095817 0.000694267 0.000956354 0.999998 0.00166442 -0.000695516 -0.00166357 0.999998 -0.0589136 -0.21322 0.0306779
FixedParameters: 0 0 0

#Transform 146
Transform: AffineTransform_float_3_3
Parameters: 1 -0.00100215 0.000529953 0.00100177 0.999998 0.00174453 -0.000531759 -0.00174347 0.999999 -0.0594024 -0.160591 0.0167233
FixedParameters: 0 0 0

#Transform 147
Transform: AffineTransform_float_3_3
Parameters: 1 -0.000930083 0.000687084 0.000929232 0.999998 0.0016847 -0.000688528 -0.0016843 0.999999 -0.0555966 -0.175487 0.00317612
FixedParameters: 0 0 0

#Transform 148
Transform: AffineTransform_float_3_3
Parameters: 1 -0.000934456 0.000515988 0.000933091 0.999999 0.00156124 -0.000517934 -0.00156076 0.999998 -0.0501464 -0.188783 -0.0117348
FixedParameters: 0 0 0

#Transform 149
Transform: AffineTransform_float_3_3
Parameters: 0.999999 -0.000934276 0.000451958 0.000934331 0.999999 0.00155918 -0.000453183 -0.00155882 0.999998 -0.0468246 -0.180737 0.011334
FixedParameters: 0 0 0

#Transform 150
Transform: AffineTransform_float_3_3
Parameters: 1 -0.000904304 0.000213459 0.000904028 0.999999 0.00122519 -0.000214706 -0.00122481 0.999999 -0.0396982 -0.19999 0.0372461
FixedParameters: 0 0 0

#Transform 151
Transform: AffineTransform_float_3_3
Parameters: 0.999999 -0.000763294 0.000345433 0.0007625 0.999999 0.00150602 -0.000346762 -0.00150598 0.999999 -0.0562143 -0.153953 0.0324266
FixedParameters: 0 0 0

#Transform 152
Transform: AffineTransform_float_3_3
Parameters: 0.999999 -0.000747841 0.000571063 0.000746957 0.999999 0.000991428 -0.000571576 -0.000990574 1 -0.0641477 -0.162744 0.00114986
FixedParameters: 0 0 0

#Transform 153
Transform: AffineTransform_float_3_3
Parameters: 0.999999 -0.000778686 0.00045071 0.000777787 0.999999 0.00127135 -0.00045172 -0.00127065 0.999999 -0.0588247 -0.170984 0.00385143
FixedParameters: 0 0 0

#Transform 154
Transform: AffineTransform_float_3_3
Parameters: 0.999999 -0.000817452 0.000298825 0.00081711 0.999999 0.000987003 -0.00029947 -0.000986996 0.999999 -0.0546512 -0.195655 0.0131739
FixedParameters: 0 0 0

#Transform 155
Transform: AffineTransform_float_3_3
Parameters: 0.999999 -0.000755616 0.000539651 0.000755346 0.999999 0.000250408 -0.000540029 -0.000249592 1 -0.0612122 -0.149333 0.0295794
FixedParameters: 0 0 0

#Transform 156
Transform: AffineTransform_float_3_3
Parameters: 1 -0.000848277 0.000601995 0.000848407 0.999999 0.000902512 -0.000602805 -0.00090149 1 -0.073041 -0.151423 0.00455264
FixedParameters: 0 0 0

#Transform 157
Transform: AffineTransform_float_3_3
Parameters: 1 -0.000697566 0.00076698 0.000696764 1 0.000685294 -0.000766967 -0.000684706 0.999999 -0.0673166 -0.147368 0.00361366
FixedParameters: 0 0 0

#Transform 158
Transform: AffineTransform_float_3_3
Parameters: 0.999999 -0.000843181 0.000198218 0.000843109 1 0.000807927 -0.000198612 -0.000808074 0.999999 -0.0519274 -0.188869 0.0207474
FixedParameters: 0 0 0

#Transform 159
Transform: AffineTransform_float_3_3
Parameters: 1 -0.000719014 0.000683543 0.00071784 1 0.00085825 -0.000684776 -0.000857749 0.999999 -0.0845586 -0.173488 0.0421424
FixedParameters: 0 0 0

#Transform 160
Transform: AffineTransform_float_3_3
Parameters: 0.999999 -0.000712946 0.000707633 0.000711472 0.999999 0.0010405 -0.000709114 -0.0010395 0.999999 -0.0810557 -0.143667 0.00401342
FixedParameters: 0 0 0

#Transform 161
Transform: AffineTransform_float_3_3
Parameters: 0.999999 -0.00100027 0.000754378 0.00100008 0.999999 0.000933755 -0.000755525 -0.000932245 1 -0.0702615 -0.184897 -0.00340579
FixedParameters: 0 0 0

#Transform 162
Transform: AffineTransform_float_3_3
Parameters: 0.999999 -0.00080879 0.000373467 0.000809058 0.999999 0.00160206 -0.000374371 -0.00160194 0.999998 -0.063656 -0.171365 -0.131149
FixedParameters: 0 0 0

#Transform 163
Transform: AffineTransform_float_3_3
Parameters: 1 -0.000458574 0.000225244 0.000458033 0.999998 0.00174992 -0.00022588 -0.00175108 0.999998 -0.0794367 -0.20095 -0.143814
FixedParameters: 0 0 0

#Transform 164
Transform: AffineTransform_float_3_3
Parameters: 1 -0.000384985 0.000202279 0.0003842 0.999998 0.00193408 -0.000203766 -0.00193392 0.999998 -0.0944845 -0.152499 -0.156422
FixedParameters: 0 0 0

#Transform 165
Transform: AffineTransform_float_3_3
Parameters: 1 -0.000359361 0.000303007 0.000358346 0.999998 0.00208411 -0.000303534 -0.00208389 0.999998 -0.103859 -0.162601 -0.140758
FixedParameters: 0 0 0

#Transform 166
Transform: AffineTransform_float_3_3
Parameters: 1 -0.000522128 0.000445699 0.000520709 0.999998 0.00186823 -0.000446678 -0.00186777 0.999998 -0.100954 -0.139029 -0.131735
FixedParameters: 0 0 0

#Transform 167
Transform: AffineTransform_float_3_3
Parameters: 0.999999 -0.000643025 0.000424866 0.000641893 0.999998 0.00191727 -0.000425392 -0.00191673 0.999998 -0.0958079 -0.163799 -0.100448
FixedParameters: 0 0 0

#Transform 168
Transform: AffineTransform_float_3_3
Parameters: 0.999999 -0.000696122 0.000729837 0.000694554 0.999999 0.00141551 -0.000729867 -0.00141449 0.999998 -0.101414 -0.134287 -0.0959219
FixedParameters: 0 0 0

#Transform 169
Transform: AffineTransform_float_3_3
Parameters: 0.999999 -0.000894086 0.000488143 0.000892806 0.999999 0.0015632 -0.000489967 -0.0015628 0.999998 -0.1013 -0.168136 -0.126231
FixedParameters: 0 0 0

#Transform 170
Transform: AffineTransform_float_3_3
Parameters: 0.999999 -0.000878669 0.000548939 0.000877136 0.999998 0.00184654 -0.000550244 -0.00184646 0.999999 -0.0991237 -0.180808 -0.124848
FixedParameters: 0 0 0

#Transform 171
Transform: AffineTransform_float_3_3
Parameters: 1 -0.00108708 0.000326384 0.00108629 0.999998 0.00195312 -0.000328692 -0.00195289 0.999998 -0.0927544 -0.199769 -0.106781
FixedParameters: 0 0 0

#Transform 172
Transform: AffineTransform_float_3_3
Parameters: 0.999999 -0.000899051 0.000469217 0.00089754 0.999998 0.00213618 -0.000471117 -0.00213582 0.999997 -0.110137 -0.188411 -0.0551073
FixedParameters: 0 0 0

#Transform 173
Transform: AffineTransform_float_3_3
Parameters: 0.999999 -0.000985543 0.000129606 0.000985378 0.999998 0.00158089 -0.000131754 -0.00158111 0.999999 -0.110872 -0.156017 -0.105201
FixedParameters: 0 0 0

#Transform 174
Transform: AffineTransform_float_3_3
Parameters: 0.999999 -0.00100359 5.87276e-05 0.00100292 0.999998 0.00172382 -6.00009e-05 -0.00172418 0.999998 -0.119561 -0.182157 -0.10537
FixedParameters: 0 0 0

#Transform 175
Transform: AffineTransform_float_3_3
Parameters: 1 -0.0011612 0.000169202 0.00116115 0.999998 0.00162196 -0.000171032 -0.00162204 0.999998 -0.108663 -0.17672 -0.111975
FixedParameters: 0 0 0

#Transform 176
Transform: AffineTransform_float_3_3
Parameters: 0.999999 -0.00133074 0.000471542 0.00133097 0.999998 0.00157439 -0.000473075 -0.00157361 0.999998 -0.106864 -0.204772 -0.0806217
FixedParameters: 0 0 0

#Transform 177
Transform: AffineTransform_float_3_3
Parameters: 1 -0.00108571 0.000408681 0.00108492 0.999997 0.00187744 -0.000409849 -0.00187656 0.999998 -0.116483 -0.161231 -0.0973923
FixedParameters: 0 0 0

#Transform 178
Transform: AffineTransform_float_3_3
Parameters: 0.999999 -0.00137853 0.000284113 0.00137795 0.999998 0.00187715 -0.00028735 -0.00187685 0.999998 -0.111119 -0.176288 -0.118668
FixedParameters: 0 0 0

#Transform 179
Transform: AffineTransform_float_3_3
Parameters: 0.999999 -0.00133755 0.000444975 0.00133734 0.999998 0.00187736 -0.000448307 -0.00187664 0.999998 -0.112119 -0.194646 -0.109607
FixedParameters: 0 0 0

#Transform 180
Transform: AffineTransform_float_3_3
Parameters: 0.999999 -0.00130769 0.00056221 0.00130727 0.999998 0.0018925 -0.000564501 -0.00189151 0.999998 -0.110813 -0.229544 -0.0699801
FixedParameters: 0 0 0

#Transform 181
Transform: AffineTransform_float_3_3
Parameters: 0.999999 -0.00130219 0.000584085 0.00130132 0.999996 0.00220976 -0.00058718 -0.00220824 0.999998 -0.113331 -0.172148 -0.0818705
FixedParameters: 0 0 0

#Transform 182
Transform: AffineTransform_float_3_3
Parameters: 0.999999 -0.001364 0.000682069 0.00136244 0.999996 0.00239775 -0.000685949 -0.00239725 0.999997 -0.1115 -0.20764 -0.091387
FixedParameters: 0 0 0

#Transform 183
Transform: AffineTransform_float_3_3
Parameters: 0.999999 -0.00133054 0.00047265 0.00133017 0.999996 0.00219845 -0.000475843 -0.00219855 0.999997 -0.104968 -0.208872 -0.0789802
FixedParameters: 0 0 0

#Transform 184
Transform: AffineTransform_float_3_3
Parameters: 1 -0.00111331 0.000474539 0.00111202 0.999997 0.00187153 -0.000476765 -0.00187047 0.999998 -0.105127 -0.186492 -0.0379301
FixedParameters: 0 0 0

#Transform 185
Transform: AffineTransform_float_3_3
Parameters: 0.999999 -0.0010345 0.000871932 0.00103348 0.999999 0.00141972 -0.000873179 -0.00141928 0.999999 -0.119348 -0.131671 -0.0753052
FixedParameters: 0 0 0

#Transform 186
Transform: AffineTransform_float_3_3
Parameters: 0.999999 -0.000864283 0.000879252 0.000863566 0.999999 0.00124176 -0.000879707 -0.00124024 0.999999 -0.126593 -0.139506 -0.0656844
FixedParameters: 0 0 0

#Transform 187
Transform: AffineTransform_float_3_3
Parameters: 0.999999 -0.00127157 0.000702792 0.00127127 0.999999 0.00107672 -0.000704809 -0.00107628 1 -0.122091 -0.15767 -0.0614135
FixedParameters: 0 0 0

#Transform 188
Transform: AffineTransform_float_3_3
